   1.00000000000000       6.000000000000000E-002  6.000000000000000E-002
   1.00000000000000       6.000000000000000E-002  6.000000000000000E-002
   1.00000000000000       6.000000000000000E-002  6.000000000000000E-002
   1.00000000000000       6.000000000000000E-002  6.000000000000000E-002
   1.00000000000000       6.000000000000000E-002  6.000000000000000E-002
   1.00000000000000       6.000000000000000E-002  6.000000000000000E-002
   1.00000000000000       6.000000000000000E-002  6.000000000000000E-002
   1.00000000000000       6.000000000000000E-002  6.000000000000000E-002
   1.00000000000000       6.000000000000000E-002  6.000000000000000E-002
   1.00000000000000       6.000000000000000E-002  6.000000000000000E-002
   1.00000000000000       6.000000000000000E-002  6.000000000000000E-002
