  0.999680215974377       0.000000000000000E+000  0.000000000000000E+000
  0.999015368912385       0.000000000000000E+000  0.000000000000000E+000
  0.996838628306817       0.000000000000000E+000  0.000000000000000E+000
  0.993401551869779       0.000000000000000E+000  0.000000000000000E+000
  0.992486601589724       0.000000000000000E+000  0.000000000000000E+000
  0.994665393795038       0.000000000000000E+000  0.000000000000000E+000
  0.994365650394853       0.000000000000000E+000  0.000000000000000E+000
  0.999883892540566       0.000000000000000E+000  0.000000000000000E+000
  0.999883321966250       0.000000000000000E+000  0.000000000000000E+000
  0.999889807219319       0.000000000000000E+000  0.000000000000000E+000
  0.999044153395178       0.000000000000000E+000  0.000000000000000E+000
