  0.993122998493938       6.000000000000000E-002  6.000000000000000E-002
  0.992627530127845       6.000000000000000E-002  6.000000000000000E-002
  0.991465871621318       6.000000000000000E-002  6.000000000000000E-002
  0.990462913544846       6.000000000000000E-002  6.000000000000000E-002
  0.989473493536207       6.000000000000000E-002  6.000000000000000E-002
  0.989699004946372       6.000000000000000E-002  6.000000000000000E-002
  0.986462618165618       6.000000000000000E-002  6.000000000000000E-002
  0.986998927324198       6.000000000000000E-002  6.000000000000000E-002
  0.986998927324198       6.000000000000000E-002  6.000000000000000E-002
  0.986998927324198       6.000000000000000E-002  6.000000000000000E-002
  0.986998927324198       6.000000000000000E-002  6.000000000000000E-002
