  0.656916357369631       0.808722829289275       0.697374410663855     
  0.574791882286731       0.722915261783981       0.619280899652243     
  0.514246583201250       0.675769345595947       0.564597316890647     
  0.465493068885255       0.643079035251335       0.522875989008163     
  0.432250923056712       0.614817768559274       0.492459325103741     
  0.416254894875473       0.614946698751837       0.483583942265186     
  0.411844190162001       0.614466701763778       0.482713637606044     
  0.686309655051346       0.611241409385200       0.732442828829245     
  0.548426919211236       0.716292878629587       0.615542490025594     
  0.548426919211236       0.716292878629587       0.615542490025594     
  0.548426919211236       0.716292878629587       0.615542490025594     
