  0.951554239186382       0.000000000000000E+000  0.000000000000000E+000
  0.898954208728640       0.000000000000000E+000  0.000000000000000E+000
  0.784111424947894       0.000000000000000E+000  0.000000000000000E+000
  0.664225220663534       0.000000000000000E+000  0.000000000000000E+000
  0.634609027285206       0.000000000000000E+000  0.000000000000000E+000
  0.688759740407933       0.000000000000000E+000  0.000000000000000E+000
  0.681666101395957       0.000000000000000E+000  0.000000000000000E+000
  0.940097831091285       0.000000000000000E+000  0.000000000000000E+000
  0.939988950439470       0.000000000000000E+000  0.000000000000000E+000
  0.942572814838399       0.000000000000000E+000  0.000000000000000E+000
  0.822151743224181       0.000000000000000E+000  0.000000000000000E+000
