  1.916905083056316E-003  8.779895112697434E-003  2.788092856790259E-003
  7.951844365341627E-004  4.456185478018442E-003  1.179577030504104E-003
  4.464569168034644E-004  2.656989731898423E-003  6.945768643362750E-004
  2.934500697190279E-004  1.873943961457469E-003  4.763660955687077E-004
  2.224383789692456E-004  1.437099457953714E-003  3.531005914921756E-004
  1.932403716710647E-004  1.392159669773723E-003  3.114515237794081E-004
  1.899121955170229E-004  1.387411998396750E-003  3.094846607034359E-004
  4.576255048840217E-004  1.373636376413921E-003  7.554660092276236E-004
  4.570239609302144E-004  2.797113285906649E-003  7.541529930297377E-004
  4.570239609302144E-004  2.797113285906649E-003  7.541529930297377E-004
  4.570239609302144E-004  2.797113285906649E-003  7.541529930297377E-004
