    1    1    4    2    1    2    0
    2    1    5    2    1    2    0
    3    1    6    2    2    3    0
    4    1    5    2    2    2    0
    5    1    7    2    1    3    0
    6    1    8    2    1    4    0
    7    1    5    2    2    5    1
    8    1    4    2    4    3   -9
    9    1    8    2    1    7    0
   10    1    6    2    2    6    0
   11    1    5    2    2    2    0
   12    1    6    2    1    4    0
   13    1    3    2    2    2    0
   14    1    5    2    2    2    0
   15    1    5    2    2    1    1
   16    1    5    2    1    3    0
   17    1    4    2    2    2    0
   18    1    7    1    1    4    0
   19    1    6    2    2    3    0
   20    1    4    2    2    3    0
   21    1    7    2    1    5    0
   22    1    5    2    2    4    0
   23    1    8    2    2    5    0
   24    1    6    2    1    4    0
   25    1    6    2    2    4    0
   26    1    5    2    2    3    0
   27    1    6    2    1    5    0
   28    1    6    2    1    5    0
   29    1    7    2    2    3    0
   30    1    7    2    1    6    0
   31    1    6    2    3    3    0
   32    1    8    2    1    6    0
   33    1    8    2    1    4    0
   34    1    5    2    2    2    0
   35    1    8    1    1    4    0
   36    1    7    2    2    3    0
   37    1    8    2    1    3    1
   38    1    7    2    1    3    0
   39    1    7    2    2    3    0
   40    1    7    2    1    5    0
   41    1    6    1    1    4    0
   42    1    8    2    1    3    0
   43    1    5    2    2    3    0
   44    1    7    2    1    2    0
   45    1    5    2    2    3    0
   46    1    8    2    1    3    0
   47    1    7    2    2    2    0
   48    1    7    2    1    3    0
   49    1    8    2    1    3    0
   50    1    6    2    1    3    0
   51    1    6    2    1    3    0
   52    1    4    2    2    1    1
   53    1    6    2    1    3    0
   54    1    4    2    1    2    0
   55    1    6    2    2    1    0
   56    1    6    2    2    2    1
   57    1    7    2    1    3    0
   58    1    8    2    2    2    0
   59    1    4    2    1    3    0
   60    1    8    2    1    3    0
   61    1    8    2    1    4    0
   62    1    6    2    2    3    0
   63    1    6    2    2    3    0
   64    1    8    2    1    5    1
   65    1    8    2    1    4    0
   66    1    7    2    1    4    0
   67    1    8    2    1    5    0
   68    1    6    2    1    2    0
   69    1    5    2    1    1    0
   70    1    8    1    1    4    0
   71    1    6    2    2    2    0
   72    1    8    1    1    2    0
   73    1    6    2    1    1    0
   74    1    8    2    1    2    0
   75    1    5    2    1    2    0
   76    1    5    2    1    2    0
   77    1    8    1    1    5    0
   78    1    4    2    2    2    0
   79    1    8    2    1    4    0
   80    1    7    1    2    4    0
   81    1    6    2    2    4    0
   82    1    7    2    1    6    1
   83    1    5    2    2    4    1
   84    1    7    2    1    7    0
   85    1    8    2    2    3    0
   86    1    7    1    1    2    0
   87    1    7    1    1    2    0
   88    1    6    2    1    2    0
   89    1    8    2    2    3    0
   90    1    7    2    1    5    0
   91    1    5    2    2    3    0
   92    1    8    1    2    5    0
   93    1    7    2    1    5    0
   94    1    8    2    1    3    0
   95    1    6    1    1    2    0
   96    1    8    2    2    5    0
   97    1    8    2    2    4    0
   98    1    8    1    2    5    0
   99    1    5    1    1    3    0
  100    1    8    1    2    5    1
  101    1    6    2    1    2    0
  102    1    6    2    2    1    0
  103    1    8    2    1    5    0
  104    1    4    2    1    5    0
  105    1    8    2    4    3   -9
  106    1    8    2    1    7    0
  107    1    6    2    2    5    1
  108    1    8    2    2    5    1
  109    1    6    2    1    4    0
  110    1    8    2    1    4    0
  111    1    6    2    2    3    1
  112    1    6    1    2    4    0
  113    1    8    2    2    4    0
  114    1    8    1    1    4    0
  115    1    5    2    2    2    1
  116    1    7    1    1    3    0
  117    1    7    2    1    6    0
  118    1    8    1    1    2    1
  119    1    6    2    3    4    0
  120    1    8    2    1    5    0
  121    1    5    1    2    3    0
  122    1    5    2    1    3    0
  123    1    8    2    1    5    0
  124    1    6    2    3    1    0
  125    1    8    2    1    4    0
  126    1    8    2    1    4    0
  127    1    8    2    1    3    1
  128    1    6    2    1    3    0
  129    1    7    1    1    5    0
  130    1    6    2    1    2    0
  131    1    7    2    1    2    0
  132    1    5    2    1    2    0
  133    1    8    2    2    2    0
  134    1    7    2    1    4    0
  135    1    8    2    1    3    0
  136    1    6    2    2    2    0
  137    1    6    2    1    3    0
  138    1    7    1    1    2    0
  139    1    7    2    1    4    0
  140    1    8    2    1    4    0
  141    1    6    2    1    4    0
  142    1    3    2    2    2    0
  143    1    6    2    2    4    0
  144    1    8    2    2    4    0
  145    1    7    2    1    6    0
  146    1    6    2    1    4    0
  147    1    6    2    2    5    0
  148    1    5    2    1    2    1
  149    1    7    2    1    4    0
  150    1    7    2    2    3    0
  151    1    7    2    1    4    0
  152    1    8    2    2    5    0
  153    1    7    2    1    4    0
  154    1    8    2    1    5    1
  155    1    4    2    2    2    0
  156    1    7    2    2    4    1
  157    1    5    2    2    3    0
  158    1    8    2    1    5    0
  159    1    8    2    2    3    0
  160    1    6    2    1    4    0
  161    1    6    2    2    4    0
  162    1    7    1    2    4    1
  163    1    7    2    2    5    0
  164    1    5    2    2    2    0
  165    1    7    2    1    6    1
  166    1    8    1    2    5    1
  167    1    6    2    1    5    0
  168    1    8    2    1    5    0
  169    1    8    1    2    4    0
  170    1    8    2    1    8    0
  171    1    7    2    2    3    0
  172    1    8    2    1    7    0
  173    1    6    2    2    5    0
  174    1    4    2    1    5    0
  175    1    8    2    3    4    0
  176    1    6    2    2    4    1
  177    1    7    2    1    7    0
  178    1    7    2    1    6    0
  179    1    8    2    2    6    0
  180    1    8    2    2    6    0
  181    1    8    2    2    7    0
  182    1    7    2    2    6    0
  183    1    5    2    2    4    0
  184    1    6    2    1    6    0
  185    1    4    2    2    2    0
  186    1    8    2    1    7    1
  187    1    6    2    2    6    0
  188    1    8    2    3    5    0
  189    1    8    2    1    8    0
  190    1    6    2    4    4   -9
  191    1    6    2    2    7    0
  192    1    5    2    2    4    1
  193    1    7    2    2    8    0
  194    1    5    2    2    5    0
  195    1    5    2    2    4    0
  196    1    8    2    1    9    0
  197    1    4    2    2    3    0
  198    1    6    2    1    6    0
  199    1    5    2    1    5    0
  200    1    6    2    2    3    0
  201    1    5    2    2    4    1
  202    1    6    2    2    5    0
  203    1    8    1    2    6    0
  204    1    8    2    2    7    0
  205    1    5    2    2    3    0
  206    1    6    2    2    3    0
  207    1    4    2    2    4    0
  208    1    1    1    3    1    0
  209    1    4    1    2    3    0
  210    1    6    1    1    7    1
  211    1    5    2    2    3    0
  212    1    2    1    2    1    0
  213    1    6    2    1    6    0
  214    1    3    2    2    2    0
  215    1    3    2    2    3    0
  216    1    5    2    2    4    0
  217    1    2    2    2    2    0
  218    1    4    1    3    3    0
  219    1    7    2    2    5    0
  220    1    4    2    2    3    0
  221    1    7    2    1    6    0
  222    1    8    2    1    7    0
  223    1    8    2    2    7    0
  224    1    7    2    2    6    0
  225    1    8    1    1    8    0
  226    1    6    2    2    4    0
  227    1    6    2    2    4    0
  228    1    6    2    2    4    0
  229    1    7    2    2    5    1
  230    1    8    2    2    8    0
  231    1    7    2    2    8    1
  232    1    7    2    2    6    0
  233    1    8    2    2    6    0
  234    1    5    2    2    3    0
  235    1    8    2    2    9    0
  236    1    7    2    1    5    1
  237    1    6    2    4    5   -9
  238    1    8    2    2   10    0
  239    1    7    2    3    6    0
  240    1    7    2    2    6    0
  241    1    5    2    1    4    0
  242    1    6    2    2    2    1
  243    1    8    2    3    3    0
  244    1    6    1    2    5    0
  245    1    7    1    2    4    0
  246    1    7    2    1    2    0
  247    1    7    2    1    1    0
  248    1    6    2    1    2    0
  249    1    7    2    2    3    1
  250    1    7    2    1    4    0
  251    1    6    2    1    2    0
  252    1    7    2    2    3    0
  253    1    6    1    1    2    0
  254    1    7    1    1    3    0
  255    1    7    2    1    3    0
  256    1    8    2    2    3    0
  257    1    5    2    1    4    0
  258    1    6    2    1    2    0
  259    1    5    2    1    2    1
  260    1    7    1    1    3    0
  261    1    7    1    2    4    0
  262    1    6    2    1    3    1
  263    1    7    2    2    5    0
  264    1    8    2    2    7    0
  265    1    8    2    2    9    1
  266    1    7    2    2    6    0
  267    1    6    2    2    5    1
  268    1    6    1    3    5    0
  269    1    8    1    1    5    1
  270    1    6    1    1    4    1
  271    1    5    1    1    3    0
  272    1    8    1    2    1    1
  273    1    7    1    1    3    0
  274    1    7    2    1    4    1
  275    1    8    2    1    2    1
  276    1    7    1    1    7    0
  277    1    8    2    1    4    0
  278    1    8    2    2    4    0
  279    1    8    1    1    9    0
  280    1    6    1    2    7    0
  281    1    8    1    2    6    0
  282    1    7    1    1    3    0
  283    1    6    2    1    3    0
  284    1    3    2    2    1    0
  285    1    6    2    1    2    0
  286    1    8    2    1    2    0
  287    1    6    2    2    2    1
  288    1    6    2    1    4    0
  289    1    7    2    2    2    0
  290    1    6    2    1    4    1
  291    1    7    2    1    2    0
  292    1    8    2    2    4    0
    1    2    4    2    1    2    0
    2    2    5    2    1    2    0
    3    2    6    2    2    3    0
    4    2    5    2    2    3    0
    5    2    7    2    1    3    0
    6    2    8    2    1    5    0
    7    2    5    2    3    5    0
    8    2    4    2    4    4   -9
    9    2    8    2    1    8    0
   10    2    6    2    2    6    0
   11    2    5    2    2    2    0
   12    2    6    2    1    5    0
   13    2    3    2    2    2    0
   14    2    5    2    2    3    0
   15    2    5    2    2    2    0
   16    2    5    2    1    4    0
   17    2    4    2    2    2    0
   18    2    7    1    1    4    0
   19    2    6    2    2    3    1
   20    2    4    2    2    2    0
   21    2    7    2    1    3    0
   22    2    5    2    1    3    0
   23    2    8    2    1    3    0
   24    2    6    2    1    2    0
   25    2    6    2    2    2    0
   26    2    5    2    2    2    0
   27    2    6    2    1    4    0
   28    2    6    2    1    4    0
   29    2    7    2    1    3    0
   30    2    7    2    1    3    0
   31    2    6    2    2    3    0
   32    2    8    2    1    5    0
   33    2    8    2    1    4    0
   34    2    5    2    2    2    1
   35    2    8    1    1    5    0
   36    2    7    2    2    4    0
   37    2    8    2    2    3    0
   38    2    7    2    1    4    0
   39    2    7    2    2    3    0
   40    2    7    2    1    5    0
   41    2    6    1    1    4    1
   42    2    8    2    1    3    0
   43    2    5    2    2    3    0
   44    2    7    2    1    2    0
   45    2    5    2    2    3    0
   46    2    8    2    1    3    0
   47    2    7    2    2    2    1
   48    2    7    2    1    3    0
   49    2    8    2    1    2    0
   50    2    6    2    1    4    0
   51    2    6    2    1    3    0
   52    2    4    2    3    1    0
   53    2    6    2    1    3    0
   54    2    4    2    1    2    0
   55    2    6    2    1    1    0
   56    2    6    2    2    2    0
   57    2    7    2    1    3    0
   58    2    8    2    2    1    0
   59    2    4    2    1    2    0
   60    2    8    2    1    3    0
   61    2    8    2    1    3    0
   62    2    6    2    1    3    0
   63    2    6    2    2    1    0
   64    2    8    2    2    3    0
   65    2    8    2    1    3    0
   66    2    7    2    1    4    0
   67    2    8    2    1    3    0
   68    2    6    2    1    2    0
   69    2    5    2    1    1    0
   70    2    8    1    1    4    1
   71    2    6    2    2    2    0
   72    2    8    1    1    2    0
   73    2    6    2    1    1    1
   74    2    8    2    1    3    0
   75    2    5    2    1    2    0
   76    2    5    2    1    2    0
   77    2    8    1    1    5    0
   78    2    4    2    2    2    0
   79    2    8    2    1    3    0
   80    2    7    1    2    3    0
   81    2    6    2    2    4    0
   82    2    7    2    2    6    0
   83    2    5    2    3    4    0
   84    2    7    2    1    7    1
   85    2    8    2    2    2    0
   86    2    7    1    1    2    1
   87    2    7    1    1    2    0
   88    2    6    2    1    2    0
   89    2    8    2    2    3    0
   90    2    7    2    1    6    0
   91    2    5    2    2    4    1
   92    2    8    1    1    6    0
   93    2    7    2    1    4    1
   94    2    8    2    1    5    1
   95    2    6    1    1    3    0
   96    2    8    2    2    5    0
   97    2    8    2    2    4    0
   98    2    8    1    2    6    0
   99    2    5    1    1    3    0
  100    2    8    1    2    5    0
  101    2    6    2    1    2    0
  102    2    6    2    2    2    0
  103    2    8    2    1    4    0
  104    2    4    2    1    3    0
  105    2    8    2    2    3    1
  106    2    8    2    1    4    1
  107    2    6    2    2    2    0
  108    2    8    2    1    3    1
  109    2    6    2    1    2    0
  110    2    8    2    1    3    0
  111    2    6    2    2    3    0
  112    2    6    1    2    3    1
  113    2    8    2    1    4    0
  114    2    8    1    1    3    0
  115    2    5    2    2    1    0
  116    2    7    1    1    2    0
  117    2    7    2    1    6    0
  118    2    8    1    1    2    1
  119    2    6    2    3    5    0
  120    2    8    2    1    5    0
  121    2    5    1    2    4    0
  122    2    5    2    1    2    1
  123    2    8    2    1    4    1
  124    2    6    2    2    2    0
  125    2    8    2    1    4    0
  126    2    8    2    1    4    1
  127    2    8    2    2    2    0
  128    2    6    2    1    3    0
  129    2    7    1    1    4    0
  130    2    6    2    1    3    0
  131    2    7    2    1    2    0
  132    2    5    2    1    2    1
  133    2    8    2    2    2    0
  134    2    7    2    1    4    1
  135    2    8    2    1    3    0
  136    2    6    2    2    1    0
  137    2    6    2    1    3    0
  138    2    7    1    1    2    0
  139    2    7    2    1    3    0
  140    2    8    2    1    5    0
  141    2    6    2    1    4    1
  142    2    3    2    2    2    0
  143    2    6    2    2    3    0
  144    2    8    2    1    4    0
  145    2    7    2    1    6    0
  146    2    6    2    1    4    0
  147    2    6    2    2    3    0
  148    2    5    2    2    2    0
  149    2    7    2    1    6    0
  150    2    7    2    2    3    0
  151    2    7    2    1    4    0
  152    2    8    2    1    4    0
  153    2    7    2    1    3    1
  154    2    8    2    2    4    0
  155    2    4    2    2    3    0
  156    2    7    2    3    3    0
  157    2    5    2    2    3    0
  158    2    8    2    1    5    1
  159    2    8    2    2    2    0
  160    2    6    2    1    5    0
  161    2    6    2    2    5    0
  162    2    7    1    2    7    0
  163    2    7    2    2    8    0
  164    2    5    2    2    3    0
  165    2    7    2    2    7    0
  166    2    8    1    3    6    1
  167    2    6    2    1    6    0
  168    2    8    2    1    7    1
  169    2    8    1    2    6    0
  170    2    8    2    1    9    0
  171    2    7    2    2    4    1
  172    2    8    2    1    6    0
  173    2    6    2    1    5    0
  174    2    4    2    1    3    0
  175    2    8    2    2    2    0
  176    2    6    2    2    4    0
  177    2    7    2    1    5    0
  178    2    7    2    1    5    0
  179    2    8    2    2    5    0
  180    2    8    2    2    6    0
  181    2    8    2    2    5    1
  182    2    7    2    1    5    0
  183    2    5    2    2    3    0
  184    2    6    2    1    6    0
  185    2    4    2    2    2    0
  186    2    8    2    2    5    0
  187    2    6    2    1    5    0
  188    2    8    2    2    4    0
  189    2    8    2    1    7    0
  190    2    6    2    4    4   -9
  191    2    6    2    2    8    0
  192    2    5    2    3    4    1
  193    2    7    2    2    9    0
  194    2    5    2    2    6    1
  195    2    5    2    2    3    0
  196    2    8    2    1    9    1
  197    2    4    2    2    3    0
  198    2    6    2    1    6    1
  199    2    5    2    1    4    0
  200    2    6    2    2    3    0
  201    2    5    2    2    4    0
  202    2    6    2    2    5    0
  203    2    8    1    2    6    0
  204    2    8    2    2    7    0
  205    2    5    2    2    3    0
  206    2    6    2    2    3    0
  207    2    4    2    2    3    0
  208    2    1    1    2    1    0
  209    2    4    1    2    3    0
  210    2    6    1    1    7    0
  211    2    5    2    2    4    0
  212    2    2    1    2    1    0
  213    2    6    2    1    7    0
  214    2    3    2    2    2    0
  215    2    3    2    2    3    0
  216    2    5    2    2    5    0
  217    2    2    2    2    2    0
  218    2    4    1    2    4    0
  219    2    7    2    2    5    0
  220    2    4    2    2    3    0
  221    2    7    2    1    6    0
  222    2    8    2    1    7    0
  223    2    8    2    2    7    0
  224    2    7    2    2    6    0
  225    2    8    1    1    8    1
  226    2    6    2    2    4    0
  227    2    6    2    2    4    0
  228    2    6    2    2    4    0
  229    2    7    2    2    5    0
  230    2    8    2    2    8    0
  231    2    7    2    3    7    1
  232    2    7    2    2    7    0
  233    2    8    2    2    7    0
  234    2    5    2    2    3    1
  235    2    8    2    2   10    0
  236    2    7    2    1    5    0
  237    2    6    2    4    5   -9
  238    2    8    2    2   10    1
  239    2    7    2    2    7    0
  240    2    7    2    2    6    0
  241    2    5    2    1    4    0
  242    2    6    2    1    3    0
  243    2    8    2    2    3    0
  244    2    6    1    1    4    0
  245    2    7    1    2    3    0
  246    2    7    2    1    2    0
  247    2    7    2    1    1    0
  248    2    6    2    1    2    0
  249    2    7    2    2    3    0
  250    2    7    2    1    3    0
  251    2    6    2    1    2    0
  252    2    7    2    2    3    1
  253    2    6    1    1    3    0
  254    2    7    1    1    3    1
  255    2    7    2    1    3    0
  256    2    8    2    2    3    0
  257    2    5    2    1    4    0
  258    2    6    2    1    2    0
  259    2    5    2    1    2    0
  260    2    7    1    1    3    0
  261    2    7    1    2    4    0
  262    2    6    2    1    3    0
  263    2    7    2    2    5    0
  264    2    8    2    2    6    1
  265    2    8    2    2    8    0
  266    2    7    2    2    6    0
  267    2    6    2    3    4    1
  268    2    6    1    3    5    0
  269    2    8    1    2    5    0
  270    2    6    1    2    3    0
  271    2    5    1    1    3    1
  272    2    8    1    2    1    0
  273    2    7    1    1    3    0
  274    2    7    2    2    3    0
  275    2    8    2    1    2    0
  276    2    7    1    1    5    0
  277    2    8    2    1    4    0
  278    2    8    2    2    3    0
  279    2    8    1    1    9    1
  280    2    6    1    2    7    1
  281    2    8    1    2    6    0
  282    2    7    1    1    3    0
  283    2    6    2    1    2    1
  284    2    3    2    2    1    0
  285    2    6    2    1    1    0
  286    2    8    2    1    2    0
  287    2    6    2    2    2    1
  288    2    6    2    1    3    1
  289    2    7    2    1    2    0
  290    2    6    2    1    3    0
  291    2    7    2    1    2    0
  292    2    8    2    2    5    0
    1    3    4    2    1    2    0
    2    3    5    2    1    2    0
    3    3    6    2    2    3    0
    4    3    5    2    2    3    0
    5    3    7    2    1    3    0
    6    3    8    2    1    5    0
    7    3    5    2    3    5    0
    8    3    4    2    4    4   -9
    9    3    8    2    1    9    0
   10    3    6    2    2    6    0
   11    3    5    2    2    2    0
   12    3    6    2    1    5    0
   13    3    3    2    2    2    0
   14    3    5    2    2    3    0
   15    3    5    2    2    2    1
   16    3    5    2    1    4    0
   17    3    4    2    2    2    0
   18    3    7    1    1    4    0
   19    3    6    2    2    3    0
   20    3    4    2    2    2    1
   21    3    7    2    1    3    0
   22    3    5    2    1    3    0
   23    3    8    2    1    3    0
   24    3    6    2    1    2    0
   25    3    6    2    2    2    0
   26    3    5    2    2    2    0
   27    3    6    2    1    4    1
   28    3    6    2    1    4    0
   29    3    7    2    1    3    0
   30    3    7    2    1    3    0
   31    3    6    2    2    3    0
   32    3    8    2    1    5    0
   33    3    8    2    1    4    0
   34    3    5    2    2    2    0
   35    3    8    1    1    5    0
   36    3    7    2    2    4    0
   37    3    8    2    2    3    0
   38    3    7    2    1    4    0
   39    3    7    2    2    4    0
   40    3    7    2    1    5    1
   41    3    6    1    2    4    0
   42    3    8    2    1    3    0
   43    3    5    2    2    3    0
   44    3    7    2    1    2    0
   45    3    5    2    2    3    0
   46    3    8    2    1    3    0
   47    3    7    2    2    3    0
   48    3    7    2    1    3    0
   49    3    8    2    1    1    0
   50    3    6    2    1    3    0
   51    3    6    2    1    2    0
   52    3    4    2    2    1    0
   53    3    6    2    1    2    0
   54    3    4    2    1    2    0
   55    3    6    2    1    1    0
   56    3    6    2    2    3    0
   57    3    7    2    1    2    0
   58    3    8    2    1    1    0
   59    3    4    2    1    1    0
   60    3    8    2    1    2    0
   61    3    8    2    1    1    0
   62    3    6    2    1    1    0
   63    3    6    2    1    1    0
   64    3    8    2    1    4    0
   65    3    8    2    1    3    0
   66    3    7    2    1    3    1
   67    3    8    2    1    1    0
   68    3    6    2    1    1    0
   69    3    5    2    1    3    0
   70    3    8    1    1    5    0
   71    3    6    2    2    3    0
   72    3    8    1    1    2    0
   73    3    6    2    2    2    0
   74    3    8    2    1    4    0
   75    3    5    2    1    2    1
   76    3    5    2    1    2    0
   77    3    8    1    1    5    0
   78    3    4    2    2    2    0
   79    3    8    2    1    3    1
   80    3    7    1    2    3    0
   81    3    6    2    2    4    0
   82    3    7    2    2    6    0
   83    3    5    2    3    4    0
   84    3    7    2    1    7    0
   85    3    8    2    2    2    1
   86    3    7    1    2    3    0
   87    3    7    1    1    4    0
   88    3    6    2    1    3    1
   89    3    8    2    2    2    1
   90    3    7    2    1    6    0
   91    3    5    2    3    3    0
   92    3    8    1    1    6    0
   93    3    7    2    1    4    0
   94    3    8    2    1    5    0
   95    3    6    1    1    4    0
   96    3    8    2    2    5    0
   97    3    8    2    2    4    0
   98    3    8    1    2    6    0
   99    3    5    1    1    3    0
  100    3    8    1    2    5    0
  101    3    6    2    1    2    0
  102    3    6    2    2    1    0
  103    3    8    2    1    4    0
  104    3    4    2    1    4    0
  105    3    8    2    3    3    0
  106    3    8    2    1    6    0
  107    3    6    2    2    5    0
  108    3    8    2    2    5    0
  109    3    6    2    1    2    1
  110    3    8    2    1    4    1
  111    3    6    2    2    4    0
  112    3    6    1    3    3    0
  113    3    8    2    1    4    0
  114    3    8    1    1    4    0
  115    3    5    2    2    1    0
  116    3    7    1    1    2    1
  117    3    7    2    1    3    0
  118    3    8    1    1    3    0
  119    3    6    2    1    3    0
  120    3    8    2    1    2    0
  121    3    5    1    1    2    1
  122    3    5    2    2    4    1
  123    3    8    2    1    6    0
  124    3    6    2    1    3    0
  125    3    8    2    1    3    0
  126    3    8    2    2    4    0
  127    3    8    2    2    2    0
  128    3    6    2    1    3    0
  129    3    7    1    1    4    0
  130    3    6    2    1    3    0
  131    3    7    2    1    4    1
  132    3    5    2    1    3    1
  133    3    8    2    2    4    0
  134    3    7    2    2    4    0
  135    3    8    2    1    4    0
  136    3    6    2    2    1    1
  137    3    6    2    1    4    0
  138    3    7    1    1    2    0
  139    3    7    2    1    4    0
  140    3    8    2    1    4    0
  141    3    6    2    1    4    0
  142    3    3    2    2    2    1
  143    3    6    2    2    3    0
  144    3    8    2    1    4    0
  145    3    7    2    1    6    1
  146    3    6    2    1    4    0
  147    3    6    2    2    3    0
  148    3    5    2    2    2    1
  149    3    7    2    1    6    0
  150    3    7    2    2    3    0
  151    3    7    2    1    5    0
  152    3    8    2    1    5    0
  153    3    7    2    1    3    0
  154    3    8    2    2    3    1
  155    3    4    2    2    3    0
  156    3    7    2    2    5    1
  157    3    5    2    2    2    0
  158    3    8    2    2    5    0
  159    3    8    2    2    3    1
  160    3    6    2    1    4    0
  161    3    6    2    2    4    0
  162    3    7    1    1    6    0
  163    3    7    2    2    6    0
  164    3    5    2    2    2    0
  165    3    7    2    1    6    0
  166    3    8    1    3    4    0
  167    3    6    2    1    6    0
  168    3    8    2    1    6    0
  169    3    8    1    2    5    0
  170    3    8    2    1   10    1
  171    3    7    2    3    4    1
  172    3    8    2    1    7    0
  173    3    6    2    1    4    1
  174    3    4    2    1    3    0
  175    3    8    2    2    2    0
  176    3    6    2    2    5    0
  177    3    7    2    1    6    0
  178    3    7    2    1    5    0
  179    3    8    2    2    5    0
  180    3    8    2    2    6    0
  181    3    8    2    2    5    0
  182    3    7    2    1    5    0
  183    3    5    2    2    3    0
  184    3    6    2    1    6    0
  185    3    4    2    2    2    0
  186    3    8    2    2    5    0
  187    3    6    2    1    5    0
  188    3    8    2    2    4    1
  189    3    8    2    1    7    0
  190    3    6    2    4    4   -9
  191    3    6    2    2    8    1
  192    3    5    2    3    5    0
  193    3    7    2    2   10    0
  194    3    5    2    3    6    0
  195    3    5    2    2    3    0
  196    3    8    2    1    9    0
  197    3    4    2    2    4    0
  198    3    6    2    1    6    0
  199    3    5    2    1    4    0
  200    3    6    2    2    4    1
  201    3    5    2    2    4    0
  202    3    6    2    2    6    0
  203    3    8    1    2    7    1
  204    3    8    2    2    7    0
  205    3    5    2    2    3    0
  206    3    6    2    2    3    0
  207    3    4    2    2    3    0
  208    3    1    1    2    1    0
  209    3    4    1    2    3    0
  210    3    6    1    1    7    0
  211    3    5    2    2    4    0
  212    3    2    1    2    1    0
  213    3    6    2    1    7    0
  214    3    3    2    2    2    0
  215    3    3    2    2    3    0
  216    3    5    2    2    5    0
  217    3    2    2    2    2    0
  218    3    4    1    2    4    1
  219    3    7    2    2    5    1
  220    3    4    2    2    3    0
  221    3    7    2    1    6    0
  222    3    8    2    1    6    0
  223    3    8    2    2    7    0
  224    3    7    2    2    7    0
  225    3    8    1    2    8    0
  226    3    6    2    2    7    0
  227    3    6    2    2    6    0
  228    3    6    2    2    4    0
  229    3    7    2    2    4    0
  230    3    8    2    1    7    0
  231    3    7    2    2    6    0
  232    3    7    2    2    5    0
  233    3    8    2    2    8    0
  234    3    5    2    3    4    0
  235    3    8    2    2   10    1
  236    3    7    2    1    7    0
  237    3    6    2    4    6   -9
  238    3    8    2    2    9    0
  239    3    7    2    2    5    0
  240    3    7    2    2    5    0
  241    3    5    2    1    4    0
  242    3    6    2    1    3    0
  243    3    8    2    2    3    0
  244    3    6    1    1    4    0
  245    3    7    1    2    3    0
  246    3    7    2    1    2    0
  247    3    7    2    1    1    0
  248    3    6    2    1    2    0
  249    3    7    2    2    5    0
  250    3    7    2    1    3    1
  251    3    6    2    1    2    0
  252    3    7    2    2    3    0
  253    3    6    1    1    3    0
  254    3    7    1    1    3    0
  255    3    7    2    1    4    0
  256    3    8    2    2    4    0
  257    3    5    2    1    3    0
  258    3    6    2    1    2    0
  259    3    5    2    1    2    0
  260    3    7    1    1    3    0
  261    3    7    1    2    4    0
  262    3    6    2    1    3    1
  263    3    7    2    2    5    0
  264    3    8    2    2    6    0
  265    3    8    2    2    7    0
  266    3    7    2    2    7    0
  267    3    6    2    3    4    0
  268    3    6    1    2    4    0
  269    3    8    1    2    3    0
  270    3    6    1    2    3    0
  271    3    5    1    2    3    1
  272    3    8    1    2    2    0
  273    3    7    1    1    3    0
  274    3    7    2    2    3    0
  275    3    8    2    1    2    0
  276    3    7    1    1    5    0
  277    3    8    2    1    3    1
  278    3    8    2    1    3    0
  279    3    8    1    2   10    0
  280    3    6    1    2    8    0
  281    3    8    1    2    6    0
  282    3    7    1    1    3    0
  283    3    6    2    1    2    1
  284    3    3    2    2    1    0
  285    3    6    2    1    1    0
  286    3    8    2    1    2    0
  287    3    6    2    2    1    0
  288    3    6    2    1    2    0
  289    3    7    2    1    1    0
  290    3    6    2    1    2    0
  291    3    7    2    1    2    0
  292    3    8    2    2    5    0
    1    4    4    2    1    2    0
    2    4    5    2    1    2    0
    3    4    6    2    2    3    1
    4    4    5    2    2    3    0
    5    4    7    2    1    3    0
    6    4    8    2    1    4    0
    7    4    5    2    3    5    0
    8    4    4    2    4    4   -9
    9    4    8    2    1    9    0
   10    4    6    2    2    7    0
   11    4    5    2    2    3    0
   12    4    6    2    1    4    1
   13    4    3    2    2    1    0
   14    4    5    2    1    3    0
   15    4    5    2    3    2    0
   16    4    5    2    1    4    0
   17    4    4    2    2    2    0
   18    4    7    1    1    5    0
   19    4    6    2    2    4    0
   20    4    4    2    3    2    0
   21    4    7    2    1    4    0
   22    4    5    2    1    4    0
   23    4    8    2    1    3    0
   24    4    6    2    1    3    0
   25    4    6    2    2    3    0
   26    4    5    2    2    3    0
   27    4    6    2    2    4    0
   28    4    6    2    1    5    0
   29    4    7    2    1    5    0
   30    4    7    2    1    4    0
   31    4    6    2    2    2    0
   32    4    8    2    1    4    0
   33    4    8    2    1    3    0
   34    4    5    2    1    2    0
   35    4    8    1    1    5    0
   36    4    7    2    2    3    0
   37    4    8    2    2    3    0
   38    4    7    2    1    5    0
   39    4    7    2    2    5    0
   40    4    7    2    2    5    0
   41    4    6    1    2    2    0
   42    4    8    2    1    3    0
   43    4    5    2    2    3    0
   44    4    7    2    1    1    0
   45    4    5    2    2    3    1
   46    4    8    2    1    3    0
   47    4    7    2    1    2    0
   48    4    7    2    1    1    1
   49    4    8    2    1    1    0
   50    4    6    2    1    3    0
   51    4    6    2    1    2    1
   52    4    4    2    2    1    0
   53    4    6    2    1    2    0
   54    4    4    2    1    2    0
   55    4    6    2    1    1    0
   56    4    6    2    1    2    0
   57    4    7    2    1    1    0
   58    4    8    2    1    1    0
   59    4    4    2    1    1    0
   60    4    8    2    1    2    0
   61    4    8    2    1    1    0
   62    4    6    2    1    1    0
   63    4    6    2    1    1    0
   64    4    8    2    1    3    0
   65    4    8    2    1    3    0
   66    4    7    2    1    2    0
   67    4    8    2    1    1    0
   68    4    6    2    1    1    0
   69    4    5    2    1    3    0
   70    4    8    1    1    4    0
   71    4    6    2    2    4    0
   72    4    8    1    1    2    0
   73    4    6    2    2    2    0
   74    4    8    2    1    6    0
   75    4    5    2    2    3    0
   76    4    5    2    1    3    1
   77    4    8    1    1    5    0
   78    4    4    2    2    2    0
   79    4    8    2    1    3    0
   80    4    7    1    2    3    0
   81    4    6    2    2    4    0
   82    4    7    2    2    5    0
   83    4    5    2    2    4    0
   84    4    7    2    1    7    0
   85    4    8    2    3    2    0
   86    4    7    1    2    4    0
   87    4    7    1    1    5    0
   88    4    6    2    2    4    0
   89    4    8    2    2    3    0
   90    4    7    2    1    4    0
   91    4    5    2    2    2    0
   92    4    8    1    1    6    0
   93    4    7    2    1    4    1
   94    4    8    2    1    5    0
   95    4    6    1    1    3    0
   96    4    8    2    2    5    0
   97    4    8    2    2    4    0
   98    4    8    1    2    5    1
   99    4    5    1    1    4    0
  100    4    8    1    2    6    0
  101    4    6    2    1    2    0
  102    4    6    2    2    1    0
  103    4    8    2    1    3    0
  104    4    4    2    1    3    0
  105    4    8    2    2    2    0
  106    4    8    2    1    5    0
  107    4    6    2    2    4    0
  108    4    8    2    1    6    0
  109    4    6    2    1    2    1
  110    4    8    2    2    3    0
  111    4    6    2    2    4    0
  112    4    6    1    2    3    0
  113    4    8    2    1    3    1
  114    4    8    1    1    3    1
  115    4    5    2    2    1    0
  116    4    7    1    1    2    0
  117    4    7    2    1    2    0
  118    4    8    1    1    3    0
  119    4    6    2    1    2    1
  120    4    8    2    1    2    0
  121    4    5    1    1    2    0
  122    4    5    2    3    3    0
  123    4    8    2    1    6    0
  124    4    6    2    1    3    1
  125    4    8    2    1    4    0
  126    4    8    2    2    4    0
  127    4    8    2    2    2    0
  128    4    6    2    1    3    0
  129    4    7    1    1    5    0
  130    4    6    2    1    4    0
  131    4    7    2    1    3    0
  132    4    5    2    1    2    0
  133    4    8    2    1    4    0
  134    4    7    2    2    3    1
  135    4    8    2    1    4    0
  136    4    6    2    3    1    0
  137    4    6    2    1    5    1
  138    4    7    1    1    2    0
  139    4    7    2    1    5    0
  140    4    8    2    1    4    1
  141    4    6    2    1    4    0
  142    4    3    2    3    2    0
  143    4    6    2    2    4    0
  144    4    8    2    1    4    0
  145    4    7    2    1    7    0
  146    4    6    2    1    4    0
  147    4    6    2    2    3    0
  148    4    5    2    2    2    0
  149    4    7    2    1    7    0
  150    4    7    2    2    3    0
  151    4    7    2    1    6    0
  152    4    8    2    1    6    0
  153    4    7    2    1    4    0
  154    4    8    2    2    3    0
  155    4    4    2    2    3    0
  156    4    7    2    3    5    0
  157    4    5    2    2    3    0
  158    4    8    2    2    7    0
  159    4    8    2    3    4    1
  160    4    6    2    1    5    0
  161    4    6    2    2    5    1
  162    4    7    1    1    5    0
  163    4    7    2    2    5    0
  164    4    5    2    2    2    0
  165    4    7    2    1    5    1
  166    4    8    1    2    5    0
  167    4    6    2    1    5    0
  168    4    8    2    1    5    0
  169    4    8    1    2    5    0
  170    4    8    2    2   10    0
  171    4    7    2    3    6    0
  172    4    8    2    1    8    0
  173    4    6    2    1    5    0
  174    4    4    2    1    3    0
  175    4    8    2    2    2    0
  176    4    6    2    2    6    1
  177    4    7    2    1    6    0
  178    4    7    2    1    5    0
  179    4    8    2    2    6    0
  180    4    8    2    2    6    0
  181    4    8    2    2    5    0
  182    4    7    2    1    5    0
  183    4    5    2    2    3    0
  184    4    6    2    1    6    0
  185    4    4    2    2    2    0
  186    4    8    2    2    5    0
  187    4    6    2    1    5    1
  188    4    8    2    2    4    0
  189    4    8    2    1    7    1
  190    4    6    2    4    4   -9
  191    4    6    2    2    7    0
  192    4    5    2    2    5    0
  193    4    7    2    2    9    0
  194    4    5    2    3    5    0
  195    4    5    2    2    3    0
  196    4    8    2    1    9    0
  197    4    4    2    2    4    0
  198    4    6    2    1    6    1
  199    4    5    2    1    4    0
  200    4    6    2    2    4    0
  201    4    5    2    2    4    0
  202    4    6    2    2    6    1
  203    4    8    1    2    7    0
  204    4    8    2    2    7    0
  205    4    5    2    2    3    0
  206    4    6    2    2    3    0
  207    4    4    2    2    3    1
  208    4    1    1    2    1    0
  209    4    4    1    2    3    0
  210    4    6    1    1    6    0
  211    4    5    2    2    3    0
  212    4    2    1    2    1    0
  213    4    6    2    1    6    0
  214    4    3    2    2    2    0
  215    4    3    2    2    3    0
  216    4    5    2    2    4    0
  217    4    2    2    2    2    0
  218    4    4    1    2    3    0
  219    4    7    2    2    5    0
  220    4    4    2    2    3    0
  221    4    7    2    1    6    0
  222    4    8    2    1    6    0
  223    4    8    2    2    7    1
  224    4    7    2    2    7    0
  225    4    8    1    2    8    0
  226    4    6    2    2    6    0
  227    4    6    2    2    6    0
  228    4    6    2    2    4    1
  229    4    7    2    2    4    0
  230    4    8    2    1    7    1
  231    4    7    2    2    6    0
  232    4    7    2    2    5    0
  233    4    8    2    2    8    0
  234    4    5    2    2    4    0
  235    4    8    2    2    9    0
  236    4    7    2    1    6    1
  237    4    6    2    3    6    0
  238    4    8    2    2    8    0
  239    4    7    2    2    5    0
  240    4    7    2    2    5    0
  241    4    5    2    1    4    0
  242    4    6    2    1    3    0
  243    4    8    2    2    3    0
  244    4    6    1    1    5    0
  245    4    7    1    2    3    0
  246    4    7    2    1    2    0
  247    4    7    2    1    1    0
  248    4    6    2    1    2    0
  249    4    7    2    2    6    0
  250    4    7    2    1    4    0
  251    4    6    2    1    2    0
  252    4    7    2    2    3    0
  253    4    6    1    1    3    0
  254    4    7    1    1    3    0
  255    4    7    2    1    3    0
  256    4    8    2    2    3    1
  257    4    5    2    1    3    0
  258    4    6    2    1    3    1
  259    4    5    2    1    2    1
  260    4    7    1    1    4    1
  261    4    7    1    2    5    0
  262    4    6    2    2    3    1
  263    4    7    2    2    5    0
  264    4    8    2    2    7    0
  265    4    8    2    2    7    0
  266    4    7    2    2    7    0
  267    4    6    2    2    4    0
  268    4    6    1    1    3    0
  269    4    8    1    2    2    0
  270    4    6    1    2    3    0
  271    4    5    1    3    3    0
  272    4    8    1    2    3    0
  273    4    7    1    1    3    0
  274    4    7    2    2    3    0
  275    4    8    2    1    2    0
  276    4    7    1    1    5    0
  277    4    8    2    1    3    1
  278    4    8    2    1    3    0
  279    4    8    1    2    8    0
  280    4    6    1    2    6    0
  281    4    8    1    2    5    0
  282    4    7    1    1    3    0
  283    4    6    2    1    2    0
  284    4    3    2    2    1    0
  285    4    6    2    1    1    0
  286    4    8    2    1    3    0
  287    4    6    2    2    1    0
  288    4    6    2    1    3    0
  289    4    7    2    1    1    0
  290    4    6    2    1    2    1
  291    4    7    2    1    2    0
  292    4    8    2    2    6    0
    1    5    4    2    1    2    0
    2    5    5    2    1    2    0
    3    5    6    2    2    4    0
    4    5    5    2    2    3    0
    5    5    7    2    1    3    0
    6    5    8    2    1    4    0
    7    5    5    2    3    5    0
    8    5    4    2    4    4   -9
    9    5    8    2    1    9    0
   10    5    6    2    2    7    1
   11    5    5    2    2    4    0
   12    5    6    2    2    4    0
   13    5    3    2    2    2    0
   14    5    5    2    1    4    1
   15    5    5    2    2    2    0
   16    5    5    2    1    3    0
   17    5    4    2    2    2    0
   18    5    7    1    1    4    0
   19    5    6    2    2    3    0
   20    5    4    2    2    2    0
   21    5    7    2    1    3    0
   22    5    5    2    1    3    0
   23    5    8    2    1    3    0
   24    5    6    2    1    3    0
   25    5    6    2    2    3    0
   26    5    5    2    2    3    1
   27    5    6    2    2    4    0
   28    5    6    2    1    4    0
   29    5    7    2    1    4    0
   30    5    7    2    1    3    0
   31    5    6    2    2    2    0
   32    5    8    2    1    4    0
   33    5    8    2    1    3    1
   34    5    5    2    1    2    1
   35    5    8    1    1    4    0
   36    5    7    2    2    3    0
   37    5    8    2    2    3    0
   38    5    7    2    1    6    0
   39    5    7    2    2    5    0
   40    5    7    2    2    5    0
   41    5    6    1    2    2    0
   42    5    8    2    1    3    0
   43    5    5    2    2    4    1
   44    5    7    2    1    1    1
   45    5    5    2    3    3    0
   46    5    8    2    1    4    0
   47    5    7    2    1    2    0
   48    5    7    2    1    1    1
   49    5    8    2    1    2    0
   50    5    6    2    1    5    0
   51    5    6    2    2    2    0
   52    5    4    2    2    2    1
   53    5    6    2    1    3    0
   54    5    4    2    1    2    0
   55    5    6    2    1    2    0
   56    5    6    2    1    2    0
   57    5    7    2    1    1    0
   58    5    8    2    1    1    0
   59    5    4    2    1    1    0
   60    5    8    2    1    2    0
   61    5    8    2    1    1    0
   62    5    6    2    1    1    0
   63    5    6    2    1    2    0
   64    5    8    2    1    3    0
   65    5    8    2    1    3    0
   66    5    7    2    1    4    0
   67    5    8    2    1    2    0
   68    5    6    2    1    1    0
   69    5    5    2    1    3    1
   70    5    8    1    1    4    1
   71    5    6    2    2    4    0
   72    5    8    1    1    2    0
   73    5    6    2    2    2    0
   74    5    8    2    1    6    0
   75    5    5    2    2    3    0
   76    5    5    2    2    2    0
   77    5    8    1    1    6    0
   78    5    4    2    2    2    0
   79    5    8    2    1    3    0
   80    5    7    1    2    3    1
   81    5    6    2    2    4    0
   82    5    7    2    2    5    0
   83    5    5    2    2    4    1
   84    5    7    2    1    6    0
   85    5    8    2    2    2    1
   86    5    7    1    2    4    0
   87    5    7    1    1    4    0
   88    5    6    2    2    3    0
   89    5    8    2    1    4    0
   90    5    7    2    1    4    0
   91    5    5    2    2    2    0
   92    5    8    1    1    5    0
   93    5    7    2    1    3    0
   94    5    8    2    1    4    0
   95    5    6    1    1    3    0
   96    5    8    2    1    5    0
   97    5    8    2    2    3    1
   98    5    8    1    2    4    1
   99    5    5    1    1    3    1
  100    5    8    1    2    4    0
  101    5    6    2    1    2    1
  102    5    6    2    2    1    0
  103    5    8    2    1    3    0
  104    5    4    2    1    3    0
  105    5    8    2    2    2    0
  106    5    8    2    1    5    0
  107    5    6    2    2    3    0
  108    5    8    2    1    5    0
  109    5    6    2    1    3    1
  110    5    8    2    2    3    0
  111    5    6    2    2    5    1
  112    5    6    1    2    5    0
  113    5    8    2    2    4    0
  114    5    8    1    2    5    0
  115    5    5    2    2    2    1
  116    5    7    1    1    3    0
  117    5    7    2    1    3    0
  118    5    8    1    1    2    0
  119    5    6    2    2    2    0
  120    5    8    2    1    4    0
  121    5    5    1    1    3    0
  122    5    5    2    2    3    0
  123    5    8    2    1    6    0
  124    5    6    2    2    3    0
  125    5    8    2    1    5    0
  126    5    8    2    2    4    0
  127    5    8    2    2    3    1
  128    5    6    2    1    3    0
  129    5    7    1    1    4    0
  130    5    6    2    1    3    0
  131    5    7    2    1    3    0
  132    5    5    2    1    2    0
  133    5    8    2    1    3    0
  134    5    7    2    2    2    0
  135    5    8    2    1    3    0
  136    5    6    2    2    1    0
  137    5    6    2    2    6    0
  138    5    7    1    1    4    0
  139    5    7    2    1    5    0
  140    5    8    2    1    4    0
  141    5    6    2    1    4    1
  142    5    3    2    2    2    0
  143    5    6    2    2    3    0
  144    5    8    2    1    4    0
  145    5    7    2    1    6    0
  146    5    6    2    1    4    0
  147    5    6    2    2    3    0
  148    5    5    2    2    2    0
  149    5    7    2    1    6    0
  150    5    7    2    2    3    0
  151    5    7    2    1    7    0
  152    5    8    2    1    7    0
  153    5    7    2    1    5    0
  154    5    8    2    2    2    0
  155    5    4    2    2    2    0
  156    5    7    2    2    4    1
  157    5    5    2    2    2    0
  158    5    8    2    2    6    0
  159    5    8    2    4    4   -9
  160    5    6    2    1    6    0
  161    5    6    2    2    6    0
  162    5    7    1    1    4    0
  163    5    7    2    1    5    1
  164    5    5    2    2    1    0
  165    5    7    2    1    4    0
  166    5    8    1    2    4    0
  167    5    6    2    1    5    0
  168    5    8    2    1    5    0
  169    5    8    1    2    5    0
  170    5    8    2    2   10    1
  171    5    7    2    2    5    0
  172    5    8    2    1    6    0
  173    5    6    2    1    4    0
  174    5    4    2    1    3    0
  175    5    8    2    2    2    0
  176    5    6    2    2    5    0
  177    5    7    2    1    5    0
  178    5    7    2    1    5    0
  179    5    8    2    2    6    0
  180    5    8    2    2    6    0
  181    5    8    2    2    6    0
  182    5    7    2    1    6    0
  183    5    5    2    2    3    0
  184    5    6    2    1    6    0
  185    5    4    2    2    2    0
  186    5    8    2    2    6    0
  187    5    6    2    2    5    0
  188    5    8    2    2    5    1
  189    5    8    2    1    7    0
  190    5    6    2    4    3   -9
  191    5    6    2    2    6    0
  192    5    5    2    2    3    1
  193    5    7    2    1    8    0
  194    5    5    2    2    4    0
  195    5    5    2    2    4    0
  196    5    8    2    1    8    0
  197    5    4    2    2    3    0
  198    5    6    2    1    6    0
  199    5    5    2    1    4    0
  200    5    6    2    2    4    0
  201    5    5    2    2    5    0
  202    5    6    2    3    5    0
  203    5    8    1    2    7    0
  204    5    8    2    2    8    1
  205    5    5    2    2    3    1
  206    5    6    2    2    3    0
  207    5    4    2    2    3    1
  208    5    1    1    2    1    0
  209    5    4    1    2    3    0
  210    5    6    1    1    6    0
  211    5    5    2    2    3    0
  212    5    2    1    2    1    0
  213    5    6    2    1    6    0
  214    5    3    2    2    2    0
  215    5    3    2    2    3    0
  216    5    5    2    2    4    0
  217    5    2    2    2    2    0
  218    5    4    1    2    3    0
  219    5    7    2    2    6    0
  220    5    4    2    2    3    0
  221    5    7    2    1    6    1
  222    5    8    2    1    7    0
  223    5    8    2    3    6    0
  224    5    7    2    1    9    0
  225    5    8    1    2    8    0
  226    5    6    2    2    6    0
  227    5    6    2    2    6    0
  228    5    6    2    2    4    0
  229    5    7    2    2    4    0
  230    5    8    2    1    7    0
  231    5    7    2    2    5    0
  232    5    7    2    2    5    0
  233    5    8    2    2    8    0
  234    5    5    2    2    4    0
  235    5    8    2    1    8    1
  236    5    7    2    1    6    0
  237    5    6    2    2    5    0
  238    5    8    2    2    6    1
  239    5    7    2    2    5    1
  240    5    7    2    2    5    1
  241    5    5    2    1    4    0
  242    5    6    2    1    3    0
  243    5    8    2    2    3    0
  244    5    6    1    1    4    1
  245    5    7    1    2    3    0
  246    5    7    2    1    2    1
  247    5    7    2    1    2    0
  248    5    6    2    1    3    0
  249    5    7    2    2    7    1
  250    5    7    2    1    3    0
  251    5    6    2    1    3    0
  252    5    7    2    2    3    0
  253    5    6    1    1    3    1
  254    5    7    1    1    3    0
  255    5    7    2    1    3    1
  256    5    8    2    1    4    0
  257    5    5    2    1    2    0
  258    5    6    2    2    2    0
  259    5    5    2    1    2    0
  260    5    7    1    1    5    0
  261    5    7    1    2    5    1
  262    5    6    2    2    4    0
  263    5    7    2    2    5    0
  264    5    8    2    2    7    0
  265    5    8    2    2    7    0
  266    5    7    2    2    5    0
  267    5    6    2    2    4    0
  268    5    6    1    1    3    0
  269    5    8    1    2    3    0
  270    5    6    1    2    2    1
  271    5    5    1    3    4    0
  272    5    8    1    2    4    1
  273    5    7    1    1    3    0
  274    5    7    2    2    3    0
  275    5    8    2    1    3    0
  276    5    7    1    1    5    0
  277    5    8    2    2    3    0
  278    5    8    2    1    4    1
  279    5    8    1    2    6    0
  280    5    6    1    2    4    0
  281    5    8    1    2    4    0
  282    5    7    1    1    3    1
  283    5    6    2    1    2    0
  284    5    3    2    2    1    0
  285    5    6    2    1    1    0
  286    5    8    2    1    2    0
  287    5    6    2    2    2    0
  288    5    6    2    1    3    0
  289    5    7    2    1    1    0
  290    5    6    2    1    2    0
  291    5    7    2    1    2    0
  292    5    8    2    2    6    0
