    0.0000   1    0.3230   -0.4239    0.0339    0.0000
    0.0000   1    0.3231   -0.4209    0.0338    0.0000
    0.0000   1    0.3230   -0.4240    0.0339    0.0000
    0.0000   1    0.3229   -0.4225    0.0338    0.0000
    0.0000   1    0.3230   -0.4233    0.0339    0.0000
    0.0000   1    0.3232   -0.4206    0.0338    0.0000
    0.0000   1    0.3231   -0.4230    0.0339    0.0000
    0.0000   1    0.3230   -0.4246    0.0339    0.0000
    0.0000   1    0.3229   -0.4237    0.0339    0.0000
    0.0000   1    0.3229   -0.4235    0.0339    0.0000
    0.0000   1    0.3228   -0.4249    0.0339    0.0000
    0.0000   1    0.3228   -0.4257    0.0340    0.0000
    0.0000   1    0.3228   -0.4258    0.0340    0.0000
    0.0000   1    0.3228   -0.4250    0.0339    0.0000
    0.0000   1    0.3228   -0.4260    0.0340    0.0000
    0.0000   1    0.3226   -0.4263    0.0340    0.0000
    0.0000   1    0.3228   -0.4253    0.0340    0.0000
    0.0000   1    0.3226   -0.4266    0.0340    0.0000
    0.0000   1    0.3226   -0.4258    0.0340    0.0000
    0.0000   1    0.3227   -0.4249    0.0339    0.0000
    0.0000   1    0.3229    0.3496    0.0002    0.1260
    0.0000   1    0.2754    0.3633    0.0002    0.0000
    0.0000   1    0.2686    0.3551    0.0003    0.0000
    0.0000   1    0.2620    0.3469    0.0003    0.0000
    0.0000   1    0.2557    0.3395    0.0004    0.0000
    0.0000   1    0.2496    0.3318    0.0004    0.0000
    0.0000   1    0.2438    0.3244    0.0005    0.0000
    0.0000   1    0.2383    0.3173    0.0005    0.0000
    0.0000   1    0.2328    0.3105    0.0005    0.0000
    0.0000   1    0.2276    0.3036    0.0006    0.0000
    0.0000   1    0.2224    0.2966    0.0006    0.0000
    0.0000   1    0.2174    0.2898    0.0007    0.0000
    0.0000   1    0.2126    0.2834    0.0007    0.0000
    0.0000   1    0.2079    0.2772    0.0008    0.0000
    0.0000   1    0.2034    0.2712    0.0008    0.0000
    0.0000   1    0.1992    0.2654    0.0009    0.0000
    0.0000   1    0.1949    0.2593    0.0009    0.0000
    0.0000   1    0.1908    0.2536    0.0010    0.0000
    0.0000   1    0.1869    0.2479    0.0010    0.0000
    0.0000   1    0.1831    0.2430    0.0010    0.0000
    0.0000   1    0.1794    0.2375    0.0011    0.0000
    0.0000   1    0.1758    0.2320    0.0011    0.0000
    0.0000   1    0.1723    0.2274    0.0012    0.0000
    0.0000   1    0.1688    0.2227    0.0012    0.0000
    0.0000   1    0.1656    0.2180    0.0012    0.0000
    0.0000   1    0.1624    0.2134    0.0013    0.0000
    0.0000   1    0.1594    0.2091    0.0013    0.0000
    0.0000   1    0.1564    0.2048    0.0013    0.0000
    0.0000   1    0.1535    0.2004    0.0014    0.0000
    0.0000   1    0.1507    0.1962    0.0014    0.0000
    0.0000   1    0.1480    0.1924    0.0014    0.0000
    0.0000   1    0.1452    0.1886    0.0014    0.0000
    0.0000   1    0.1427    0.1849    0.0015    0.0000
    0.0000   1    0.1402    0.1808    0.0015    0.0000
    0.0000   1    0.1378    0.1778    0.0015    0.0000
    0.0000   1    0.1355    0.1744    0.0016    0.0000
    0.0000   1    0.1332    0.1716    0.0016    0.0000
    0.0000   1    0.1310    0.1682    0.0016    0.0000
    0.0000   1    0.1288    0.1640    0.0017    0.0000
    0.0000   1    0.1267    0.1617    0.0017    0.0000
    0.0000   1    0.1247    0.1588    0.0017    0.0000
    0.0000   1    0.1226    0.1555    0.0017    0.0000
    0.0000   1    0.1207    0.1528    0.0017    0.0000
    0.0000   1    0.1188    0.1497    0.0018    0.0000
    0.0000   1    0.1171    0.1473    0.0018    0.0000
    0.0000   1    0.1153    0.1452    0.0018    0.0000
    0.0000   1    0.1136    0.1426    0.0018    0.0000
    0.0000   1    0.1120    0.1403    0.0018    0.0000
    0.0000   1    0.1104    0.1368    0.0019    0.0000
    0.0000   1    0.1088    0.1360    0.0019    0.0000
    0.0000   1    0.1073    0.1328    0.0019    0.0000
    0.0000   1    0.1059    0.1311    0.0019    0.0000
    0.0000   1    0.1045    0.1288    0.0020    0.0000
    0.0000   1    0.1030    0.1277    0.0019    0.0000
    0.0000   1    0.1017    0.1257    0.0020    0.0000
    0.0000   1    0.1003    0.1231    0.0020    0.0000
    0.0000   1    0.0990    0.1219    0.0020    0.0000
    0.0000   1    0.0978    0.1198    0.0020    0.0000
    0.0000   1    0.0966    0.1181    0.0020    0.0000
    0.0000   1    0.0954    0.1164    0.0020    0.0000
    0.0000   1    0.0943    0.1143    0.0021    0.0000
    0.0000   1    0.0932    0.1123    0.0021    0.0000
    0.0000   1    0.0921    0.1118    0.0021    0.0000
    0.0000   1    0.0910    0.1106    0.0021    0.0000
    0.0000   1    0.0900    0.1094    0.0021    0.0000
    0.0000   1    0.0890    0.1072    0.0021    0.0000
    0.0000   1    0.0880    0.1059    0.0021    0.0000
    0.0000   1    0.0871    0.1043    0.0022    0.0000
    0.0000   1    0.0862    0.1028    0.0022    0.0000
    0.0000   1    0.0853    0.1024    0.0022    0.0000
    0.0000   1    0.0844    0.1010    0.0022    0.0000
    0.0000   1    0.0836    0.0989    0.0022    0.0000
    0.0000   1    0.0828    0.0993    0.0022    0.0000
    0.0000   1    0.0820    0.0971    0.0022    0.0000
    0.0000   1    0.0812    0.0963    0.0022    0.0000
    0.0000   1    0.0804    0.0957    0.0022    0.0000
    0.0000   1    0.0797    0.0949    0.0022    0.0000
    0.0000   1    0.0789    0.0939    0.0022    0.0000
    0.0000   1    0.0782    0.0934    0.0022    0.0000
    0.0000   1    0.0776    0.0921    0.0022    0.0000
    0.0000   1    0.0769    0.0917    0.0022    0.0000
    0.0000   1    0.0763    0.0902    0.0023    0.0000
    0.0000   1    0.0757    0.0884    0.0023    0.0000
    0.0000   1    0.0751    0.0890    0.0023    0.0000
    0.0000   1    0.0745    0.0867    0.0023    0.0000
    0.0000   1    0.0740    0.0875    0.0023    0.0000
    0.0000   1    0.0734    0.0871    0.0023    0.0000
    0.0000   1    0.0729    0.0853    0.0023    0.0000
    0.0000   1    0.0724    0.0847    0.0023    0.0000
    0.0000   1    0.0719    0.0854    0.0023    0.0000
    0.0000   1    0.0713    0.0835    0.0023    0.0000
    0.0000   1    0.0709    0.0836    0.0023    0.0000
    0.0000   1    0.0704    0.0829    0.0023    0.0000
    0.0000   1    0.0700    0.0816    0.0024    0.0000
    0.0000   1    0.0695    0.0814    0.0024    0.0000
    0.0000   1    0.0690    0.0810    0.0024    0.0000
    0.0000   1    0.0685    0.0803    0.0024    0.0000
    0.0000   1    0.0682    0.0796    0.0024    0.0000
    0.0000   1    0.0677    0.0794    0.0024    0.0000
    0.0000   1    0.0674    0.0793    0.0024    0.0000
    0.0000   1    0.0671    0.0788    0.0024    0.0000
    0.0000   1    0.0667    0.0789    0.0024    0.0000
    0.0000   1    0.0664    0.0773    0.0024    0.0000
    0.0000   1    0.0660    0.0783    0.0024    0.0000
    0.0000   1    0.0657    0.0772    0.0024    0.0000
    0.0000   1    0.0654    0.0758    0.0024    0.0000
    0.0000   1    0.0650    0.0762    0.0024    0.0000
    0.0000   1    0.0647    0.0757    0.0024    0.0000
    0.0000   1    0.0644    0.0754    0.0024    0.0000
    0.0000   1    0.0641    0.0754    0.0024    0.0000
    0.0000   1    0.0638    0.0752    0.0024    0.0000
    0.0000   1    0.0636    0.0747    0.0024    0.0000
    0.0000   1    0.0634    0.0749    0.0024    0.0000
    0.0000   1    0.0631    0.0742    0.0024    0.0000
    0.0000   1    0.0628    0.0733    0.0024    0.0000
    0.0000   1    0.0625    0.0734    0.0024    0.0000
    0.0000   1    0.0623    0.0737    0.0024    0.0000
    0.0000   1    0.0621    0.0732    0.0024    0.0000
    0.0000   1    0.0617    0.0728    0.0024    0.0000
    0.0000   1    0.0615    0.0716    0.0025    0.0000
    0.0000   1    0.0613    0.0715    0.0025    0.0000
    0.0000   1    0.0610    0.0709    0.0025    0.0000
    0.0000   1    0.0608    0.0715    0.0024    0.0000
    0.0000   1    0.0607    0.0719    0.0024    0.0000
    0.0000   1    0.0605    0.0710    0.0025    0.0000
    0.0000   1    0.0603    0.0709    0.0025    0.0000
    0.0000   1    0.0602    0.0703    0.0025    0.0000
    0.0000   1    0.0601    0.0700    0.0025    0.0000
    0.0000   1    0.0599    0.0707    0.0025    0.0000
    0.0000   1    0.0598    0.0706    0.0025    0.0000
    0.0000   1    0.0596    0.0702    0.0025    0.0000
    0.0000   1    0.0594    0.0700    0.0025    0.0000
    0.0000   1    0.0593    0.0699    0.0025    0.0000
    0.0000   1    0.0591    0.0697    0.0025    0.0000
    0.0000   1    0.0590    0.0706    0.0024    0.0000
    0.0000   1    0.0588    0.0698    0.0025    0.0000
    0.0000   1    0.0587    0.0689    0.0025    0.0000
    0.0000   1    0.0585    0.0698    0.0025    0.0000
    0.0000   1    0.0584    0.0699    0.0024    0.0000
    0.0000   1    0.0582    0.0701    0.0024    0.0000
    0.0000   1    0.0581    0.0693    0.0025    0.0000
    0.0000   1    0.0580    0.0694    0.0025    0.0000
    0.0000   1    0.0579    0.0696    0.0025    0.0000
    0.0000   1    0.0578    0.0684    0.0025    0.0000
    0.0000   1    0.0577    0.0696    0.0024    0.0000
    0.0000   1    0.0576    0.0692    0.0025    0.0000
    0.0000   1    0.0574    0.0686    0.0025    0.0000
    0.0000   1    0.0573    0.0687    0.0025    0.0000
    0.0000   1    0.0572    0.0686    0.0025    0.0000
    0.0000   1    0.0571    0.0688    0.0025    0.0000
    0.0000   1    0.0570    0.0683    0.0025    0.0000
    0.0000   1    0.0568    0.0674    0.0025    0.0000
    0.0000   1    0.0568    0.0683    0.0025    0.0000
    0.0000   1    0.0566    0.0674    0.0025    0.0000
    0.0000   1    0.0566    0.0678    0.0025    0.0000
    0.0000   1    0.0566    0.0685    0.0025    0.0000
    0.0000   1    0.0565    0.0679    0.0025    0.0000
    0.0000   1    0.0563    0.0676    0.0025    0.0000
    0.0000   1    0.0563    0.0676    0.0025    0.0000
    0.0000   1    0.0562    0.0683    0.0025    0.0000
    0.0000   1    0.0560    0.0674    0.0025    0.0000
    0.0000   1    0.0560    0.0676    0.0025    0.0000
    0.0000   1    0.0559    0.0673    0.0025    0.0000
    0.0000   1    0.0558    0.0669    0.0025    0.0000
    0.0000   1    0.0558    0.0673    0.0025    0.0000
    0.0000   1    0.0557    0.0683    0.0024    0.0000
    0.0000   1    0.0556    0.0675    0.0025    0.0000
    0.0000   1    0.0555    0.0672    0.0025    0.0000
    0.0000   1    0.0554    0.0669    0.0025    0.0000
    0.0000   1    0.0553    0.0677    0.0024    0.0000
    0.0000   1    0.0552    0.0666    0.0025    0.0000
    0.0000   1    0.0551    0.0662    0.0025    0.0000
    0.0000   1    0.0550    0.0656    0.0025    0.0000
    0.0000   1    0.0550    0.0663    0.0025    0.0000
    0.0000   1    0.0550    0.0665    0.0025    0.0000
    0.0000   1    0.0550    0.0652    0.0025    0.0000
    0.0000   1    0.0549    0.0664    0.0025    0.0000
    0.0000   1    0.0549    0.0661    0.0025    0.0000
    0.0000   1    0.0548    0.0655    0.0025    0.0000
    0.0000   1    0.0548    0.0671    0.0025    0.0000
    0.0000   1    0.0547    0.0658    0.0025    0.0000
    0.0000   1    0.0546    0.0659    0.0025    0.0000
    0.0000   1    0.0545    0.0659    0.0025    0.0000
    0.0000   1    0.0545    0.0663    0.0025    0.0000
    0.0000   1    0.0544    0.0666    0.0025    0.0000
    0.0000   1    0.0543    0.0661    0.0025    0.0000
    0.0000   1    0.0543    0.0652    0.0025    0.0000
    0.0000   1    0.0544    0.0655    0.0025    0.0000
    0.0000   1    0.0543    0.0651    0.0025    0.0000
    0.0000   1    0.0543    0.0654    0.0025    0.0000
    0.0000   1    0.0542    0.0657    0.0025    0.0000
    0.0000   1    0.0542    0.0662    0.0025    0.0000
    0.0000   1    0.0542    0.0658    0.0025    0.0000
    0.0000   1    0.0542    0.0662    0.0025    0.0000
    0.0000   1    0.0542    0.0658    0.0025    0.0000
    0.0000   1    0.0542    0.0665    0.0025    0.0000
    0.0000   1    0.0541    0.0660    0.0025    0.0000
    0.0000   1    0.0541    0.0666    0.0025    0.0000
    0.0000   1    0.0541    0.0663    0.0025    0.0000
    0.0000   1    0.0540    0.0660    0.0025    0.0000
    0.0000   1    0.0540    0.0663    0.0025    0.0000
    0.0000   1    0.0539    0.0664    0.0025    0.0000
    0.0000   1    0.0538    0.0651    0.0025    0.0000
    0.0000   1    0.0538    0.0653    0.0025    0.0000
    0.0000   1    0.0537    0.0649    0.0025    0.0000
    0.0000   1    0.0537    0.0657    0.0025    0.0000
    0.0000   1    0.0537    0.0652    0.0025    0.0000
    0.0000   1    0.0536    0.0659    0.0025    0.0000
    0.0000   1    0.0536    0.0650    0.0025    0.0000
    0.0000   1    0.0535    0.0655    0.0025    0.0000
    0.0000   1    0.0535    0.0653    0.0025    0.0000
    0.0000   1    0.0535    0.0647    0.0025    0.0000
    0.0000   1    0.0535    0.0651    0.0025    0.0000
    0.0000   1    0.0536    0.0649    0.0025    0.0000
    0.0000   1    0.0535    0.0651    0.0025    0.0000
    0.0000   1    0.0535    0.0647    0.0025    0.0000
    0.0000   1    0.0535    0.0655    0.0025    0.0000
    0.0000   1    0.0535    0.0650    0.0025    0.0000
    0.0000   1    0.0535    0.0663    0.0025    0.0000
    0.0000   1    0.0535    0.0649    0.0025    0.0000
    0.0000   1    0.0534    0.0654    0.0025    0.0000
    0.0000   1    0.0534    0.0651    0.0025    0.0000
    0.0000   1    0.0534    0.0654    0.0025    0.0000
    0.0000   1    0.0535    0.0656    0.0025    0.0000
    0.0000   1    0.0534    0.0654    0.0025    0.0000
    0.0000   1    0.0533    0.0652    0.0025    0.0000
    0.0000   1    0.0533    0.0648    0.0025    0.0000
    0.0000   1    0.0533    0.0648    0.0025    0.0000
    0.0000   1    0.0533    0.0644    0.0025    0.0000
    0.0000   1    0.0532    0.0650    0.0025    0.0000
    0.0000   1    0.0532    0.0651    0.0025    0.0000
    0.0000   1    0.0532    0.0647    0.0025    0.0000
    0.0000   1    0.0532    0.0648    0.0025    0.0000
    0.0000   1    0.0532    0.0658    0.0025    0.0000
    0.0000   1    0.0532    0.0652    0.0025    0.0000
    0.0000   1    0.0533    0.0646    0.0025    0.0000
    0.0000   1    0.0534    0.0658    0.0025    0.0000
    0.0000   1    0.0533    0.0661    0.0025    0.0000
    0.0000   1    0.0533    0.0657    0.0025    0.0000
    0.0000   1    0.0533    0.0657    0.0025    0.0000
    0.0000   1    0.0533    0.0652    0.0025    0.0000
    0.0000   1    0.0532    0.0650    0.0025    0.0000
    0.0000   1    0.0532    0.0659    0.0025    0.0000
    0.0000   1    0.0532    0.0653    0.0025    0.0000
    0.0000   1    0.0533    0.0656    0.0025    0.0000
    0.0000   1    0.0533    0.0653    0.0025    0.0000
    0.0000   1    0.0533    0.0660    0.0025    0.0000
    0.0000   1    0.0533    0.0646    0.0025    0.0000
    0.0000   1    0.0533    0.0659    0.0025    0.0000
    0.0000   1    0.0533    0.0650    0.0025    0.0000
    0.0000   1    0.0533    0.0655    0.0025    0.0000
    0.0000   1    0.0533    0.0653    0.0025    0.0000
    0.0000   1    0.0533    0.0654    0.0025    0.0000
    0.0000   1    0.0532    0.0660    0.0025    0.0000
    0.0000   1    0.0532    0.0659    0.0025    0.0000
    0.0000   1    0.0532    0.0654    0.0025    0.0000
    0.0000   1    0.0532    0.0657    0.0025    0.0000
    0.0000   1    0.0532    0.0656    0.0025    0.0000
    0.0000   1    0.0532    0.0661    0.0025    0.0000
    0.0000   1    0.0532    0.0659    0.0025    0.0000
    0.0000   1    0.0532    0.0657    0.0025    0.0000
    0.0000   1    0.0532    0.0655    0.0025    0.0000
    0.0000   1    0.0533    0.0657    0.0025    0.0000
    0.0000   1    0.0533    0.0661    0.0025    0.0000
    0.0000   1    0.0533    0.0653    0.0025    0.0000
    0.0000   1    0.0532    0.0657    0.0025    0.0000
    0.0000   1    0.0532    0.0651    0.0025    0.0000
    0.0000   1    0.0532    0.0660    0.0025    0.0000
    0.0000   1    0.0532    0.0661    0.0025    0.0000
    0.0000   1    0.0532    0.0658    0.0025    0.0000
    0.0000   1    0.0531    0.0656    0.0025    0.0000
    0.0000   1    0.0531    0.0655    0.0025    0.0000
    0.0000   1    0.0531    0.0652    0.0025    0.0000
    0.0000   1    0.0531    0.0658    0.0025    0.0000
    0.0000   1    0.0531    0.0656    0.0025    0.0000
    0.0000   1    0.0531    0.0650    0.0025    0.0000
    0.0000   1    0.0531    0.0656    0.0025    0.0000
    0.0000   1    0.0531    0.0655    0.0025    0.0000
    0.0000   1    0.0531    0.0655    0.0025    0.0000
    0.0000   1    0.0531    0.0651    0.0025    0.0000
    0.0000   1    0.0531    0.0658    0.0025    0.0000
    0.0000   1    0.0531    0.0659    0.0025    0.0000
    0.0000   1    0.0531    0.0661    0.0025    0.0000
    0.0000   1    0.0530    0.0654    0.0025    0.0000
    0.0000   1    0.0530    0.0658    0.0025    0.0000
    0.0000   1    0.0530    0.0657    0.0025    0.0000
    0.0000   1    0.0530    0.0643    0.0025    0.0000
    0.0000   1    0.0530    0.0663    0.0025    0.0000
    0.0000   1    0.0530    0.0659    0.0025    0.0000
    0.0000   1    0.0530    0.0661    0.0025    0.0000
    0.0000   1    0.0529    0.0652    0.0025    0.0000
    0.0000   1    0.0529    0.0649    0.0025    0.0000
    0.0000   1    0.0529    0.0653    0.0025    0.0000
    0.0000   1    0.0528    0.0650    0.0025    0.0000
    0.0000   1    0.0528    0.0650    0.0025    0.0000
    0.0000   1    0.0528    0.0652    0.0025    0.0000
    0.0000   1    0.0528    0.0642    0.0025    0.0000
    0.0000   1    0.0528    0.0654    0.0025    0.0000
    0.0000   1    0.0528    0.0647    0.0025    0.0000
    0.0000   1    0.0529    0.0648    0.0025    0.0000
    0.0000   1    0.0528    0.0645    0.0025    0.0000
    0.0000   1    0.0530    0.0659    0.0025    0.0000
    0.0000   1    0.0530    0.0654    0.0025    0.0000
    0.0000   1    0.0530    0.0654    0.0025    0.0000
    0.0000   1    0.0531    0.0666    0.0025    0.0000
    0.0000   1    0.0530    0.0658    0.0025    0.0000
    0.0000   1    0.0531    0.0657    0.0025    0.0000
    0.0000   1    0.0531    0.0664    0.0025    0.0000
    0.0000   1    0.0531    0.0656    0.0025    0.0000
    0.0000   1    0.0531    0.0663    0.0025    0.0000
    0.0000   1    0.0531    0.0663    0.0025    0.0000
    0.0000   1    0.0531    0.0667    0.0025    0.0000
    0.0000   1    0.0530    0.0668    0.0025    0.0000
    0.0000   1    0.0530    0.0647    0.0025    0.0000
    0.0000   1    0.0530    0.0663    0.0025    0.0000
    0.0000   1    0.0530    0.0659    0.0025    0.0000
    0.0000   1    0.0531    0.0662    0.0025    0.0000
    0.0000   1    0.0531    0.0656    0.0025    0.0000
    0.0000   1    0.0530    0.0660    0.0025    0.0000
    0.0000   1    0.0530    0.0655    0.0025    0.0000
    0.0000   1    0.0529    0.0658    0.0025    0.0000
    0.0000   1    0.0529    0.0651    0.0025    0.0000
    0.0000   1    0.0528    0.0651    0.0025    0.0000
    0.0000   1    0.0529    0.0650    0.0025    0.0000
    0.0000   1    0.0529    0.0660    0.0025    0.0000
    0.0000   1    0.0528    0.0652    0.0025    0.0000
    0.0000   1    0.0528    0.0665    0.0024    0.0000
    0.0000   1    0.0528    0.0656    0.0025    0.0000
    0.0000   1    0.0528    0.0656    0.0025    0.0000
    0.0000   1    0.0528    0.0649    0.0025    0.0000
    0.0000   1    0.0527    0.0646    0.0025    0.0000
    0.0000   1    0.0528    0.0650    0.0025    0.0000
    0.0000   1    0.0528    0.0656    0.0025    0.0000
    0.0000   1    0.0529    0.0658    0.0025    0.0000
    0.0000   1    0.0529    0.0652    0.0025    0.0000
    0.0000   1    0.0529    0.0651    0.0025    0.0000
    0.0000   1    0.0529    0.0647    0.0025    0.0000
    0.0000   1    0.0529    0.0653    0.0025    0.0000
    0.0000   1    0.0529    0.0654    0.0025    0.0000
    0.0000   1    0.0529    0.0650    0.0025    0.0000
    0.0000   1    0.0530    0.0664    0.0025    0.0000
    0.0000   1    0.0530    0.0658    0.0025    0.0000
    0.0000   1    0.0529    0.0658    0.0025    0.0000
    0.0000   1    0.0529    0.0657    0.0025    0.0000
    0.0000   1    0.0529    0.0658    0.0025    0.0000
    0.0000   1    0.0529    0.0652    0.0025    0.0000
    0.0000   1    0.0529    0.0656    0.0025    0.0000
    0.0000   1    0.0528    0.0648    0.0025    0.0000
    0.0000   1    0.0529    0.0653    0.0025    0.0000
    0.0000   1    0.0529    0.0652    0.0025    0.0000
    0.0000   1    0.0530    0.0660    0.0025    0.0000
    0.0000   1    0.0530    0.0669    0.0024    0.0000
    0.0000   1    0.0530    0.0653    0.0025    0.0000
    0.0000   1    0.0529    0.0655    0.0025    0.0000
    0.0000   1    0.0530    0.0656    0.0025    0.0000
    0.0000   1    0.0529    0.0660    0.0025    0.0000
    0.0000   1    0.0529    0.0652    0.0025    0.0000
    0.0000   1    0.0529    0.0662    0.0025    0.0000
    0.0000   1    0.0529    0.0662    0.0025    0.0000
    0.0000   1    0.0529    0.0654    0.0025    0.0000
    0.0000   1    0.0530    0.0655    0.0025    0.0000
    0.0000   1    0.0530    0.0659    0.0025    0.0000
    0.0000   1    0.0530    0.0668    0.0025    0.0000
    0.0000   1    0.0530    0.0657    0.0025    0.0000
    0.0000   1    0.0531    0.0664    0.0025    0.0000
    0.0000   1    0.0531    0.0663    0.0025    0.0000
    0.0000   1    0.0530    0.0664    0.0025    0.0000
    0.0000   1    0.0531    0.0660    0.0025    0.0000
    0.0000   1    0.0530    0.0654    0.0025    0.0000
    0.0000   1    0.0530    0.0668    0.0025    0.0000
    0.0000   1    0.0530    0.0659    0.0025    0.0000
    0.0000   1    0.0529    0.0656    0.0025    0.0000
    0.0000   1    0.0530    0.0655    0.0025    0.0000
    0.0000   1    0.0530    0.0662    0.0025    0.0000
    0.0000   1    0.0531    0.0657    0.0025    0.0000
    0.0000   1    0.0531    0.0661    0.0025    0.0000
    0.0000   1    0.0531    0.0659    0.0025    0.0000
    0.0000   1    0.0532    0.0665    0.0025    0.0000
    0.0000   1    0.0531    0.0669    0.0025    0.0000
    0.0000   1    0.0531    0.0660    0.0025    0.0000
    0.0000   1    0.0531    0.0660    0.0025    0.0000
    0.0000   1    0.0531    0.0660    0.0025    0.0000
    0.0000   1    0.0531    0.0659    0.0025    0.0000
    0.0000   1    0.0530    0.0658    0.0025    0.0000
    0.0000   1    0.0530    0.0652    0.0025    0.0000
    0.0000   1    0.0530    0.0664    0.0025    0.0000
    0.0000   1    0.0530    0.0666    0.0025    0.0000
    0.0000   1    0.0530    0.0669    0.0024    0.0000
    0.0000   1    0.0530    0.0661    0.0025    0.0000
    0.0000   1    0.0529    0.0660    0.0025    0.0000
    0.0000   1    0.0529    0.0653    0.0025    0.0000
    0.0000   1    0.0529    0.0653    0.0025    0.0000
    0.0000   1    0.0529    0.0651    0.0025    0.0000
    0.0000   1    0.0530    0.0655    0.0025    0.0000
    0.0000   1    0.0529    0.0656    0.0025    0.0000
    0.0000   1    0.0530    0.0660    0.0025    0.0000
    0.0000   1    0.0530    0.0654    0.0025    0.0000
    0.0000   1    0.0529    0.0654    0.0025    0.0000
    0.0000   1    0.0529    0.0651    0.0025    0.0000
    0.0000   1    0.0529    0.0652    0.0025    0.0000
    0.0000   1    0.0529    0.0657    0.0025    0.0000
    0.0000   1    0.0529    0.0656    0.0025    0.0000
    0.0000   1    0.0529    0.0662    0.0025    0.0000
    0.0000   1    0.0529    0.0653    0.0025    0.0000
    0.0000   1    0.0529    0.0659    0.0025    0.0000
    0.0000   1    0.0529    0.0654    0.0025    0.0000
    0.0000   1    0.0529    0.0655    0.0025    0.0000
    0.0000   1    0.0529    0.0656    0.0025    0.0000
    0.0000   1    0.0530    0.0656    0.0025    0.0000
    0.0000   1    0.0529    0.0659    0.0025    0.0000
    0.0000   1    0.0529    0.0660    0.0025    0.0000
    0.0000   1    0.0530    0.0650    0.0025    0.0000
    0.0000   1    0.0530    0.0672    0.0024    0.0000
    0.0000   1    0.0529    0.0666    0.0025    0.0000
    0.0000   1    0.0529    0.0647    0.0025    0.0000
    0.0000   1    0.0530    0.0652    0.0025    0.0000
    0.0000   1    0.0530    0.0654    0.0025    0.0000
    0.0000   1    0.0530    0.0660    0.0025    0.0000
    0.0000   1    0.0530    0.0652    0.0025    0.0000
    0.0000   1    0.0530    0.0654    0.0025    0.0000
    0.0000   1    0.0531    0.0660    0.0025    0.0000
    0.0000   1    0.0531    0.0652    0.0025    0.0000
    0.0000   1    0.0531    0.0655    0.0025    0.0000
    0.0000   1    0.0532    0.0651    0.0025    0.0000
    0.0000   1    0.0531    0.0651    0.0025    0.0000
    0.0000   1    0.0531    0.0651    0.0025    0.0000
    0.0000   1    0.0531    0.0653    0.0025    0.0000
    0.0000   1    0.0531    0.0653    0.0025    0.0000
    0.0000   1    0.0532    0.0649    0.0026    0.0000
    0.0000   1    0.0532    0.0646    0.0026    0.0000
    0.0000   1    0.0533    0.0651    0.0026    0.0000
    0.0000   1    0.0533    0.0652    0.0026    0.0000
    0.0000   1    0.0533    0.0652    0.0026    0.0000
    0.0000   1    0.0533    0.0644    0.0026    0.0000
    0.0000   1    0.0534    0.0647    0.0026    0.0000
    0.0000   1    0.0533    0.0652    0.0026    0.0000
    0.0000   1    0.0534    0.0640    0.0026    0.0000
    0.0000   1    0.0535    0.0649    0.0026    0.0000
    0.0000   1    0.0535    0.0646    0.0026    0.0000
    0.0000   1    0.0535    0.0638    0.0026    0.0000
    0.0000   1    0.0536    0.0640    0.0026    0.0000
    0.0000   1    0.0536    0.0637    0.0026    0.0000
    0.0000   1    0.0537    0.0632    0.0027    0.0000
    0.0000   1    0.0538    0.0626    0.0027    0.0000
    0.0000   1    0.0538    0.0626    0.0027    0.0000
    0.0000   1    0.0539    0.0616    0.0028    0.0000
    0.0000   1    0.0539    0.0612    0.0028    0.0000
    0.0000   1    0.0540    0.0605    0.0028    0.0000
    0.0000   1    0.0541    0.0607    0.0028    0.0000
    0.0000   1    0.0542    0.0604    0.0028    0.0000
    0.0000   1    0.0543    0.0600    0.0029    0.0000
    0.0000   1    0.0545    0.0592    0.0029    0.0000
    0.0000   1    0.0546    0.0588    0.0030    0.0000
    0.0000   1    0.0548    0.0592    0.0030    0.0000
    0.0000   1    0.0550    0.0571    0.0031    0.0000
    0.0000   1    0.0553    0.0563    0.0031    0.0000
    0.0000   1    0.0555    0.0547    0.0032    0.0000
    0.0000   1    0.0558    0.0535    0.0033    0.0000
    0.0000   1    0.0562    0.0538    0.0033    0.0000
    0.0000   1    0.0565    0.0519    0.0034    0.0000
    0.0000   1    0.0569    0.0517    0.0035    0.0000
    0.0000   1    0.0572    0.0485    0.0036    0.0000
    0.0000   1    0.0576    0.0472    0.0037    0.0000
    0.0000   1    0.0581    0.0440    0.0039    0.0000
    0.0000   1    0.0587    0.0421    0.0041    0.0000
    0.0000   1    0.0593    0.0377    0.0043    0.0000
    0.0000   1    0.0600    0.0350    0.0045    0.0000
    0.0000   1    0.0608    0.0308    0.0047    0.0000
    0.0000   1    0.0617    0.0270    0.0050    0.0000
    0.0000   1    0.0626    0.0193    0.0054    0.0000
    0.0000   1    0.0638    0.0133    0.0058    0.0000
    0.0000   1    0.0650    0.0038    0.0063    0.0000
    0.0000   1    0.0664   -0.0051    0.0068    0.0000
    0.0000   1    0.0682   -0.0182    0.0076    0.0000
    0.0000   1    0.0702   -0.0341    0.0084    0.0000
    0.0000   1    0.0726   -0.0534    0.0095    0.0000
    0.0000   1    0.0755   -0.0776    0.0108    0.0000
    0.0000   1    0.0789   -0.1105    0.0125    0.0000
    0.0000   1    0.0831   -0.1507    0.0147    0.0000
    0.0000   1    0.0882   -0.2062    0.0175    0.0000
