    0.0000   1    0.4451    0.0654    0.0651    0.0000
    0.0000   1    0.4447    0.0653    0.0651    0.0000
    0.0000   1    0.4448    0.0657    0.0651    0.0000
    0.0000   1    0.4449    0.0657    0.0651    0.0000
    0.0000   1    0.4447    0.0655    0.0651    0.0000
    0.0000   1    0.4447    0.0660    0.0651    0.0000
    0.0000   1    0.4445    0.0653    0.0651    0.0000
    0.0000   1    0.4446    0.0650    0.0651    0.0000
    0.0000   1    0.4448    0.0651    0.0651    0.0000
    0.0000   1    0.4449    0.0655    0.0651    0.0000
    0.0000   1    0.4449    0.0654    0.0651    0.0000
    0.0000   1    0.4452    0.0658    0.0651    0.0000
    0.0000   1    0.4451    0.0663    0.0651    0.0000
    0.0000   1    0.4453    0.0662    0.0650    0.0000
    0.0000   1    0.4451    0.0657    0.0651    0.0000
    0.0000   1    0.4450    0.0663    0.0650    0.0000
    0.0000   1    0.4452    0.0661    0.0651    0.0000
    0.0000   1    0.4454    0.0661    0.0651    0.0000
    0.0000   1    0.4452    0.0658    0.0651    0.0000
    0.0000   1    0.4451    0.0658    0.0651    0.0000
    0.0000   1    0.4453    0.3324    0.0150    0.0000
    0.0000   1    0.4218    0.3364    0.0153    0.0000
    0.0000   1    0.4078    0.3289    0.0157    0.0000
    0.0000   1    0.3952    0.3209    0.0161    0.0000
    0.0000   1    0.3840    0.3139    0.0164    0.0000
    0.0000   1    0.3737    0.3074    0.0168    0.0000
    0.0000   1    0.3643    0.3012    0.0171    0.0000
    0.0000   1    0.3556    0.2956    0.0174    0.0000
    0.0000   1    0.3477    0.2902    0.0176    0.0000
    0.0000   1    0.3401    0.2853    0.0179    0.0000
    0.0000   1    0.3337    0.2808    0.0181    0.0000
    0.0000   1    0.3274    0.2766    0.0184    0.0000
    0.0000   1    0.3218    0.2727    0.0186    0.0000
    0.0000   1    0.3163    0.2690    0.0188    0.0000
    0.0000   1    0.3113    0.2657    0.0189    0.0000
    0.0000   1    0.3068    0.2626    0.0191    0.0000
    0.0000   1    0.3023    0.2597    0.0193    0.0000
    0.0000   1    0.2986    0.2572    0.0194    0.0000
    0.0000   1    0.2948    0.2545    0.0196    0.0000
    0.0000   1    0.2914    0.2521    0.0197    0.0000
    0.0000   1    0.2880    0.2499    0.0198    0.0000
    0.0000   1    0.2850    0.2480    0.0199    0.0000
    0.0000   1    0.2821    0.2460    0.0200    0.0000
    0.0000   1    0.2791    0.2441    0.0202    0.0000
    0.0000   1    0.2768    0.2426    0.0202    0.0000
    0.0000   1    0.2744    0.2411    0.0203    0.0000
    0.0000   1    0.2723    0.2397    0.0204    0.0000
    0.0000   1    0.2703    0.2385    0.0205    0.0000
    0.0000   1    0.2683    0.2371    0.0206    0.0000
    0.0000   1    0.2664    0.2359    0.0206    0.0000
    0.0000   1    0.2648    0.2350    0.0207    0.0000
    0.0000   1    0.2632    0.2342    0.0208    0.0000
    0.0000   1    0.2616    0.2331    0.0208    0.0000
    0.0000   1    0.2600    0.2321    0.0209    0.0000
    0.0000   1    0.2587    0.2312    0.0209    0.0000
    0.0000   1    0.2574    0.2304    0.0210    0.0000
    0.0000   1    0.2560    0.2296    0.0211    0.0000
    0.0000   1    0.2548    0.2289    0.0211    0.0000
    0.0000   1    0.2538    0.2282    0.0211    0.0000
    0.0000   1    0.2527    0.2276    0.0212    0.0000
    0.0000   1    0.2519    0.2271    0.0212    0.0000
    0.0000   1    0.2511    0.2266    0.0212    0.0000
    0.0000   1    0.2500    0.2261    0.0213    0.0000
    0.0000   1    0.2490    0.2255    0.0213    0.0000
    0.0000   1    0.2483    0.2250    0.0213    0.0000
    0.0000   1    0.2477    0.2247    0.0214    0.0000
    0.0000   1    0.2469    0.2243    0.0214    0.0000
    0.0000   1    0.2461    0.2238    0.0214    0.0000
    0.0000   1    0.2456    0.2236    0.0214    0.0000
    0.0000   1    0.2450    0.2233    0.0215    0.0000
    0.0000   1    0.2444    0.2230    0.0215    0.0000
    0.0000   1    0.2437    0.2226    0.0215    0.0000
    0.0000   1    0.2431    0.2224    0.0215    0.0000
    0.0000   1    0.2425    0.2220    0.0216    0.0000
    0.0000   1    0.2422    0.2218    0.0216    0.0000
    0.0000   1    0.2416    0.2216    0.0216    0.0000
    0.0000   1    0.2410    0.2215    0.0216    0.0000
    0.0000   1    0.2406    0.2212    0.0216    0.0000
    0.0000   1    0.2401    0.2208    0.0216    0.0000
    0.0000   1    0.2396    0.2205    0.0217    0.0000
    0.0000   1    0.2392    0.2202    0.0217    0.0000
    0.0000   1    0.2388    0.2201    0.0217    0.0000
    0.0000   1    0.2384    0.2200    0.0217    0.0000
    0.0000   1    0.2380    0.2197    0.0217    0.0000
    0.0000   1    0.2378    0.2197    0.0217    0.0000
    0.0000   1    0.2374    0.2194    0.0217    0.0000
    0.0000   1    0.2371    0.2193    0.0217    0.0000
    0.0000   1    0.2367    0.2192    0.0218    0.0000
    0.0000   1    0.2366    0.2192    0.0218    0.0000
    0.0000   1    0.2361    0.2189    0.0218    0.0000
    0.0000   1    0.2358    0.2188    0.0218    0.0000
    0.0000   1    0.2357    0.2188    0.0218    0.0000
    0.0000   1    0.2356    0.2188    0.0218    0.0000
    0.0000   1    0.2352    0.2185    0.0218    0.0000
    0.0000   1    0.2349    0.2184    0.0218    0.0000
    0.0000   1    0.2348    0.2185    0.0218    0.0000
    0.0000   1    0.2348    0.2185    0.0218    0.0000
    0.0000   1    0.2346    0.2183    0.0218    0.0000
    0.0000   1    0.2344    0.2182    0.0218    0.0000
    0.0000   1    0.2341    0.2180    0.0218    0.0000
    0.0000   1    0.2338    0.2180    0.0219    0.0000
    0.0000   1    0.2337    0.2179    0.0219    0.0000
    0.0000   1    0.2337    0.2180    0.0219    0.0000
    0.0000   1    0.2335    0.2181    0.0219    0.0000
    0.0000   1    0.2333    0.2179    0.0219    0.0000
    0.0000   1    0.2330    0.2177    0.0219    0.0000
    0.0000   1    0.2330    0.2178    0.0219    0.0000
    0.0000   1    0.2330    0.2177    0.0219    0.0000
    0.0000   1    0.2327    0.2176    0.0219    0.0000
    0.0000   1    0.2325    0.2174    0.0219    0.0000
    0.0000   1    0.2325    0.2175    0.0219    0.0000
    0.0000   1    0.2323    0.2173    0.0219    0.0000
    0.0000   1    0.2322    0.2174    0.0219    0.0000
    0.0000   1    0.2321    0.2175    0.0219    0.0000
    0.0000   1    0.2319    0.2174    0.0219    0.0000
    0.0000   1    0.2318    0.2172    0.0219    0.0000
    0.0000   1    0.2319    0.2174    0.0219    0.0000
    0.0000   1    0.2318    0.2173    0.0219    0.0000
    0.0000   1    0.2318    0.2174    0.0219    0.0000
    0.0000   1    0.2315    0.2172    0.0219    0.0000
    0.0000   1    0.2314    0.2173    0.0219    0.0000
    0.0000   1    0.2312    0.2171    0.0219    0.0000
    0.0000   1    0.2312    0.2171    0.0219    0.0000
    0.0000   1    0.2312    0.2172    0.0219    0.0000
    0.0000   1    0.2311    0.2171    0.0219    0.0000
    0.0000   1    0.2310    0.2171    0.0219    0.0000
    0.0000   1    0.2310    0.2171    0.0219    0.0000
    0.0000   1    0.2310    0.2171    0.0219    0.0000
    0.0000   1    0.2310    0.2172    0.0219    0.0000
    0.0000   1    0.2309    0.2172    0.0219    0.0000
    0.0000   1    0.2308    0.2171    0.0219    0.0000
    0.0000   1    0.2307    0.2169    0.0219    0.0000
    0.0000   1    0.2308    0.2171    0.0219    0.0000
    0.0000   1    0.2308    0.2170    0.0219    0.0000
    0.0000   1    0.2307    0.2170    0.0219    0.0000
    0.0000   1    0.2308    0.2171    0.0219    0.0000
    0.0000   1    0.2308    0.2170    0.0219    0.0000
    0.0000   1    0.2308    0.2171    0.0219    0.0000
    0.0000   1    0.2307    0.2172    0.0219    0.0000
    0.0000   1    0.2309    0.2173    0.0219    0.0000
    0.0000   1    0.2307    0.2171    0.0219    0.0000
    0.0000   1    0.2309    0.2174    0.0219    0.0000
    0.0000   1    0.2306    0.2172    0.0219    0.0000
    0.0000   1    0.2307    0.2172    0.0219    0.0000
    0.0000   1    0.2309    0.2174    0.0219    0.0000
    0.0000   1    0.2307    0.2174    0.0219    0.0000
    0.0000   1    0.2305    0.2172    0.0219    0.0000
    0.0000   1    0.2304    0.2171    0.0219    0.0000
    0.0000   1    0.2304    0.2170    0.0219    0.0000
    0.0000   1    0.2305    0.2171    0.0219    0.0000
    0.0000   1    0.2305    0.2170    0.0219    0.0000
    0.0000   1    0.2303    0.2170    0.0219    0.0000
    0.0000   1    0.2301    0.2169    0.0219    0.0000
    0.0000   1    0.2301    0.2170    0.0220    0.0000
    0.0000   1    0.2302    0.2169    0.0220    0.0000
    0.0000   1    0.2302    0.2169    0.0220    0.0000
    0.0000   1    0.2302    0.2170    0.0220    0.0000
    0.0000   1    0.2301    0.2169    0.0220    0.0000
    0.0000   1    0.2301    0.2169    0.0220    0.0000
    0.0000   1    0.2300    0.2167    0.0220    0.0000
    0.0000   1    0.2297    0.2167    0.0220    0.0000
    0.0000   1    0.2297    0.2166    0.0220    0.0000
    0.0000   1    0.2296    0.2166    0.0220    0.0000
    0.0000   1    0.2296    0.2167    0.0220    0.0000
    0.0000   1    0.2298    0.2167    0.0220    0.0000
    0.0000   1    0.2298    0.2169    0.0220    0.0000
    0.0000   1    0.2298    0.2169    0.0220    0.0000
    0.0000   1    0.2297    0.2169    0.0220    0.0000
    0.0000   1    0.2295    0.2167    0.0220    0.0000
    0.0000   1    0.2296    0.2167    0.0220    0.0000
    0.0000   1    0.2294    0.2167    0.0220    0.0000
    0.0000   1    0.2295    0.2168    0.0220    0.0000
    0.0000   1    0.2296    0.2167    0.0220    0.0000
    0.0000   1    0.2295    0.2166    0.0220    0.0000
    0.0000   1    0.2296    0.2168    0.0220    0.0000
    0.0000   1    0.2296    0.2167    0.0220    0.0000
    0.0000   1    0.2297    0.2168    0.0220    0.0000
    0.0000   1    0.2295    0.2167    0.0220    0.0000
    0.0000   1    0.2295    0.2167    0.0220    0.0000
    0.0000   1    0.2295    0.2167    0.0220    0.0000
    0.0000   1    0.2297    0.2169    0.0220    0.0000
    0.0000   1    0.2297    0.2170    0.0220    0.0000
    0.0000   1    0.2297    0.2168    0.0220    0.0000
    0.0000   1    0.2297    0.2168    0.0220    0.0000
    0.0000   1    0.2296    0.2168    0.0220    0.0000
    0.0000   1    0.2298    0.2171    0.0220    0.0000
    0.0000   1    0.2301    0.2172    0.0219    0.0000
    0.0000   1    0.2302    0.2173    0.0220    0.0000
    0.0000   1    0.2299    0.2171    0.0220    0.0000
    0.0000   1    0.2299    0.2172    0.0219    0.0000
    0.0000   1    0.2298    0.2171    0.0219    0.0000
    0.0000   1    0.2297    0.2170    0.0220    0.0000
    0.0000   1    0.2296    0.2169    0.0220    0.0000
    0.0000   1    0.2298    0.2171    0.0220    0.0000
    0.0000   1    0.2299    0.2171    0.0220    0.0000
    0.0000   1    0.2299    0.2171    0.0220    0.0000
    0.0000   1    0.2298    0.2170    0.0220    0.0000
    0.0000   1    0.2296    0.2169    0.0220    0.0000
    0.0000   1    0.2293    0.2166    0.0220    0.0000
    0.0000   1    0.2293    0.2166    0.0220    0.0000
    0.0000   1    0.2293    0.2166    0.0220    0.0000
    0.0000   1    0.2292    0.2165    0.0220    0.0000
    0.0000   1    0.2292    0.2165    0.0220    0.0000
    0.0000   1    0.2293    0.2166    0.0220    0.0000
    0.0000   1    0.2294    0.2166    0.0220    0.0000
    0.0000   1    0.2292    0.2166    0.0220    0.0000
    0.0000   1    0.2291    0.2166    0.0220    0.0000
    0.0000   1    0.2290    0.2166    0.0220    0.0000
    0.0000   1    0.2292    0.2167    0.0220    0.0000
    0.0000   1    0.2293    0.2169    0.0220    0.0000
    0.0000   1    0.2294    0.2169    0.0220    0.0000
    0.0000   1    0.2294    0.2170    0.0220    0.0000
    0.0000   1    0.2295    0.2171    0.0219    0.0000
    0.0000   1    0.2294    0.2170    0.0220    0.0000
    0.0000   1    0.2293    0.2170    0.0220    0.0000
    0.0000   1    0.2293    0.2169    0.0220    0.0000
    0.0000   1    0.2291    0.2169    0.0220    0.0000
    0.0000   1    0.2292    0.2170    0.0220    0.0000
    0.0000   1    0.2294    0.2170    0.0220    0.0000
    0.0000   1    0.2295    0.2172    0.0219    0.0000
    0.0000   1    0.2296    0.2172    0.0219    0.0000
    0.0000   1    0.2295    0.2172    0.0219    0.0000
    0.0000   1    0.2295    0.2171    0.0220    0.0000
    0.0000   1    0.2296    0.2171    0.0220    0.0000
    0.0000   1    0.2294    0.2170    0.0220    0.0000
    0.0000   1    0.2294    0.2170    0.0220    0.0000
    0.0000   1    0.2293    0.2169    0.0220    0.0000
    0.0000   1    0.2293    0.2169    0.0220    0.0000
    0.0000   1    0.2294    0.2169    0.0220    0.0000
    0.0000   1    0.2294    0.2169    0.0220    0.0000
    0.0000   1    0.2294    0.2170    0.0220    0.0000
    0.0000   1    0.2293    0.2169    0.0220    0.0000
    0.0000   1    0.2294    0.2169    0.0220    0.0000
    0.0000   1    0.2294    0.2169    0.0220    0.0000
    0.0000   1    0.2293    0.2169    0.0220    0.0000
    0.0000   1    0.2293    0.2169    0.0220    0.0000
    0.0000   1    0.2294    0.2168    0.0220    0.0000
    0.0000   1    0.2292    0.2167    0.0220    0.0000
    0.0000   1    0.2292    0.2166    0.0220    0.0000
    0.0000   1    0.2292    0.2166    0.0220    0.0000
    0.0000   1    0.2292    0.2166    0.0220    0.0000
    0.0000   1    0.2291    0.2168    0.0220    0.0000
    0.0000   1    0.2293    0.2169    0.0220    0.0000
    0.0000   1    0.2292    0.2168    0.0220    0.0000
    0.0000   1    0.2294    0.2169    0.0220    0.0000
    0.0000   1    0.2293    0.2168    0.0220    0.0000
    0.0000   1    0.2293    0.2169    0.0220    0.0000
    0.0000   1    0.2292    0.2167    0.0220    0.0000
    0.0000   1    0.2293    0.2168    0.0220    0.0000
    0.0000   1    0.2292    0.2168    0.0220    0.0000
    0.0000   1    0.2291    0.2167    0.0220    0.0000
    0.0000   1    0.2292    0.2167    0.0220    0.0000
    0.0000   1    0.2292    0.2167    0.0220    0.0000
    0.0000   1    0.2290    0.2166    0.0220    0.0000
    0.0000   1    0.2291    0.2166    0.0220    0.0000
    0.0000   1    0.2292    0.2167    0.0220    0.0000
    0.0000   1    0.2293    0.2167    0.0220    0.0000
    0.0000   1    0.2292    0.2167    0.0220    0.0000
    0.0000   1    0.2290    0.2164    0.0220    0.0000
    0.0000   1    0.2291    0.2165    0.0220    0.0000
    0.0000   1    0.2290    0.2166    0.0220    0.0000
    0.0000   1    0.2290    0.2165    0.0220    0.0000
    0.0000   1    0.2293    0.2167    0.0220    0.0000
    0.0000   1    0.2293    0.2166    0.0220    0.0000
    0.0000   1    0.2292    0.2166    0.0220    0.0000
    0.0000   1    0.2293    0.2167    0.0220    0.0000
    0.0000   1    0.2293    0.2166    0.0220    0.0000
    0.0000   1    0.2293    0.2168    0.0220    0.0000
    0.0000   1    0.2292    0.2166    0.0220    0.0000
    0.0000   1    0.2293    0.2168    0.0220    0.0000
    0.0000   1    0.2293    0.2168    0.0220    0.0000
    0.0000   1    0.2292    0.2167    0.0220    0.0000
    0.0000   1    0.2294    0.2168    0.0220    0.0000
    0.0000   1    0.2295    0.2169    0.0220    0.0000
    0.0000   1    0.2295    0.2169    0.0220    0.0000
    0.0000   1    0.2295    0.2169    0.0220    0.0000
    0.0000   1    0.2294    0.2168    0.0220    0.0000
    0.0000   1    0.2295    0.2169    0.0220    0.0000
    0.0000   1    0.2295    0.2168    0.0220    0.0000
    0.0000   1    0.2292    0.2165    0.0220    0.0000
    0.0000   1    0.2294    0.2167    0.0220    0.0000
    0.0000   1    0.2295    0.2168    0.0220    0.0000
    0.0000   1    0.2296    0.2169    0.0220    0.0000
    0.0000   1    0.2295    0.2168    0.0220    0.0000
    0.0000   1    0.2295    0.2167    0.0220    0.0000
    0.0000   1    0.2294    0.2167    0.0220    0.0000
    0.0000   1    0.2295    0.2167    0.0220    0.0000
    0.0000   1    0.2294    0.2168    0.0220    0.0000
    0.0000   1    0.2294    0.2166    0.0220    0.0000
    0.0000   1    0.2293    0.2166    0.0220    0.0000
    0.0000   1    0.2292    0.2166    0.0220    0.0000
    0.0000   1    0.2293    0.2167    0.0220    0.0000
    0.0000   1    0.2295    0.2168    0.0220    0.0000
    0.0000   1    0.2297    0.2168    0.0220    0.0000
    0.0000   1    0.2297    0.2170    0.0220    0.0000
    0.0000   1    0.2297    0.2169    0.0220    0.0000
    0.0000   1    0.2297    0.2171    0.0220    0.0000
    0.0000   1    0.2296    0.2170    0.0220    0.0000
    0.0000   1    0.2296    0.2171    0.0220    0.0000
    0.0000   1    0.2299    0.2172    0.0220    0.0000
    0.0000   1    0.2297    0.2171    0.0220    0.0000
    0.0000   1    0.2298    0.2172    0.0220    0.0000
    0.0000   1    0.2298    0.2172    0.0220    0.0000
    0.0000   1    0.2298    0.2171    0.0220    0.0000
    0.0000   1    0.2298    0.2172    0.0220    0.0000
    0.0000   1    0.2299    0.2171    0.0220    0.0000
    0.0000   1    0.2299    0.2171    0.0220    0.0000
    0.0000   1    0.2300    0.2172    0.0220    0.0000
    0.0000   1    0.2298    0.2170    0.0220    0.0000
    0.0000   1    0.2297    0.2170    0.0220    0.0000
    0.0000   1    0.2299    0.2172    0.0220    0.0000
    0.0000   1    0.2300    0.2172    0.0220    0.0000
    0.0000   1    0.2299    0.2172    0.0220    0.0000
    0.0000   1    0.2299    0.2171    0.0220    0.0000
    0.0000   1    0.2297    0.2170    0.0220    0.0000
    0.0000   1    0.2296    0.2169    0.0220    0.0000
    0.0000   1    0.2296    0.2169    0.0220    0.0000
    0.0000   1    0.2294    0.2167    0.0220    0.0000
    0.0000   1    0.2293    0.2166    0.0220    0.0000
    0.0000   1    0.2291    0.2166    0.0220    0.0000
    0.0000   1    0.2292    0.2165    0.0220    0.0000
    0.0000   1    0.2292    0.2165    0.0220    0.0000
    0.0000   1    0.2292    0.2166    0.0220    0.0000
    0.0000   1    0.2294    0.2167    0.0220    0.0000
    0.0000   1    0.2296    0.2168    0.0220    0.0000
    0.0000   1    0.2297    0.2167    0.0220    0.0000
    0.0000   1    0.2298    0.2169    0.0220    0.0000
    0.0000   1    0.2299    0.2170    0.0220    0.0000
    0.0000   1    0.2299    0.2171    0.0220    0.0000
    0.0000   1    0.2297    0.2171    0.0220    0.0000
    0.0000   1    0.2298    0.2170    0.0220    0.0000
    0.0000   1    0.2297    0.2170    0.0220    0.0000
    0.0000   1    0.2298    0.2170    0.0220    0.0000
    0.0000   1    0.2299    0.2171    0.0220    0.0000
    0.0000   1    0.2299    0.2171    0.0220    0.0000
    0.0000   1    0.2302    0.2173    0.0219    0.0000
    0.0000   1    0.2302    0.2172    0.0219    0.0000
    0.0000   1    0.2301    0.2173    0.0219    0.0000
    0.0000   1    0.2301    0.2172    0.0219    0.0000
    0.0000   1    0.2300    0.2170    0.0220    0.0000
    0.0000   1    0.2300    0.2171    0.0220    0.0000
    0.0000   1    0.2299    0.2169    0.0220    0.0000
    0.0000   1    0.2298    0.2170    0.0220    0.0000
    0.0000   1    0.2298    0.2171    0.0220    0.0000
    0.0000   1    0.2299    0.2170    0.0220    0.0000
    0.0000   1    0.2299    0.2171    0.0220    0.0000
    0.0000   1    0.2297    0.2170    0.0220    0.0000
    0.0000   1    0.2297    0.2169    0.0220    0.0000
    0.0000   1    0.2296    0.2168    0.0220    0.0000
    0.0000   1    0.2296    0.2168    0.0220    0.0000
    0.0000   1    0.2296    0.2168    0.0220    0.0000
    0.0000   1    0.2297    0.2167    0.0220    0.0000
    0.0000   1    0.2298    0.2167    0.0220    0.0000
    0.0000   1    0.2297    0.2168    0.0220    0.0000
    0.0000   1    0.2297    0.2167    0.0220    0.0000
    0.0000   1    0.2295    0.2164    0.0220    0.0000
    0.0000   1    0.2293    0.2164    0.0220    0.0000
    0.0000   1    0.2292    0.2163    0.0220    0.0000
    0.0000   1    0.2290    0.2162    0.0220    0.0000
    0.0000   1    0.2290    0.2162    0.0220    0.0000
    0.0000   1    0.2290    0.2163    0.0220    0.0000
    0.0000   1    0.2291    0.2164    0.0220    0.0000
    0.0000   1    0.2292    0.2165    0.0220    0.0000
    0.0000   1    0.2293    0.2165    0.0220    0.0000
    0.0000   1    0.2292    0.2165    0.0220    0.0000
    0.0000   1    0.2293    0.2165    0.0220    0.0000
    0.0000   1    0.2293    0.2164    0.0220    0.0000
    0.0000   1    0.2294    0.2167    0.0220    0.0000
    0.0000   1    0.2295    0.2167    0.0220    0.0000
    0.0000   1    0.2293    0.2166    0.0220    0.0000
    0.0000   1    0.2294    0.2167    0.0220    0.0000
    0.0000   1    0.2294    0.2168    0.0220    0.0000
    0.0000   1    0.2293    0.2167    0.0220    0.0000
    0.0000   1    0.2294    0.2166    0.0220    0.0000
    0.0000   1    0.2291    0.2167    0.0220    0.0000
    0.0000   1    0.2292    0.2168    0.0220    0.0000
    0.0000   1    0.2294    0.2168    0.0220    0.0000
    0.0000   1    0.2293    0.2167    0.0220    0.0000
    0.0000   1    0.2293    0.2167    0.0220    0.0000
    0.0000   1    0.2293    0.2167    0.0220    0.0000
    0.0000   1    0.2293    0.2168    0.0220    0.0000
    0.0000   1    0.2294    0.2167    0.0220    0.0000
    0.0000   1    0.2293    0.2166    0.0220    0.0000
    0.0000   1    0.2294    0.2167    0.0220    0.0000
    0.0000   1    0.2294    0.2167    0.0220    0.0000
    0.0000   1    0.2294    0.2167    0.0220    0.0000
    0.0000   1    0.2294    0.2167    0.0220    0.0000
    0.0000   1    0.2295    0.2168    0.0220    0.0000
    0.0000   1    0.2294    0.2167    0.0220    0.0000
    0.0000   1    0.2293    0.2166    0.0220    0.0000
    0.0000   1    0.2292    0.2165    0.0220    0.0000
    0.0000   1    0.2293    0.2166    0.0220    0.0000
    0.0000   1    0.2293    0.2166    0.0220    0.0000
    0.0000   1    0.2293    0.2167    0.0220    0.0000
    0.0000   1    0.2294    0.2167    0.0220    0.0000
    0.0000   1    0.2293    0.2167    0.0220    0.0000
    0.0000   1    0.2292    0.2167    0.0220    0.0000
    0.0000   1    0.2293    0.2166    0.0220    0.0000
    0.0000   1    0.2295    0.2168    0.0220    0.0000
    0.0000   1    0.2294    0.2168    0.0220    0.0000
    0.0000   1    0.2294    0.2169    0.0220    0.0000
    0.0000   1    0.2294    0.2168    0.0220    0.0000
    0.0000   1    0.2293    0.2168    0.0220    0.0000
    0.0000   1    0.2293    0.2168    0.0220    0.0000
    0.0000   1    0.2291    0.2168    0.0220    0.0000
    0.0000   1    0.2290    0.2167    0.0220    0.0000
    0.0000   1    0.2291    0.2168    0.0220    0.0000
    0.0000   1    0.2292    0.2169    0.0220    0.0000
    0.0000   1    0.2291    0.2168    0.0220    0.0000
    0.0000   1    0.2292    0.2168    0.0220    0.0000
    0.0000   1    0.2292    0.2169    0.0220    0.0000
    0.0000   1    0.2294    0.2170    0.0220    0.0000
    0.0000   1    0.2295    0.2170    0.0220    0.0000
    0.0000   1    0.2295    0.2169    0.0220    0.0000
    0.0000   1    0.2293    0.2169    0.0220    0.0000
    0.0000   1    0.2294    0.2170    0.0220    0.0000
    0.0000   1    0.2294    0.2171    0.0219    0.0000
    0.0000   1    0.2293    0.2170    0.0220    0.0000
    0.0000   1    0.2294    0.2171    0.0220    0.0000
    0.0000   1    0.2294    0.2171    0.0219    0.0000
    0.0000   1    0.2293    0.2170    0.0220    0.0000
    0.0000   1    0.2292    0.2169    0.0220    0.0000
    0.0000   1    0.2291    0.2168    0.0220    0.0000
    0.0000   1    0.2292    0.2168    0.0220    0.0000
    0.0000   1    0.2292    0.2169    0.0220    0.0000
    0.0000   1    0.2292    0.2169    0.0220    0.0000
    0.0000   1    0.2293    0.2170    0.0220    0.0000
    0.0000   1    0.2294    0.2170    0.0220    0.0000
    0.0000   1    0.2295    0.2172    0.0220    0.0000
    0.0000   1    0.2294    0.2170    0.0220    0.0000
    0.0000   1    0.2297    0.2172    0.0220    0.0000
    0.0000   1    0.2297    0.2171    0.0220    0.0000
    0.0000   1    0.2296    0.2171    0.0220    0.0000
    0.0000   1    0.2296    0.2172    0.0219    0.0000
    0.0000   1    0.2294    0.2169    0.0220    0.0000
    0.0000   1    0.2294    0.2169    0.0220    0.0000
    0.0000   1    0.2293    0.2168    0.0220    0.0000
    0.0000   1    0.2292    0.2167    0.0220    0.0000
    0.0000   1    0.2294    0.2169    0.0220    0.0000
    0.0000   1    0.2293    0.2168    0.0220    0.0000
    0.0000   1    0.2294    0.2168    0.0220    0.0000
    0.0000   1    0.2292    0.2167    0.0220    0.0000
    0.0000   1    0.2292    0.2166    0.0220    0.0000
    0.0000   1    0.2292    0.2166    0.0220    0.0000
    0.0000   1    0.2292    0.2166    0.0220    0.0000
    0.0000   1    0.2293    0.2166    0.0220    0.0000
    0.0000   1    0.2291    0.2165    0.0220    0.0000
    0.0000   1    0.2290    0.2165    0.0220    0.0000
    0.0000   1    0.2290    0.2165    0.0220    0.0000
    0.0000   1    0.2291    0.2166    0.0220    0.0000
    0.0000   1    0.2291    0.2165    0.0220    0.0000
    0.0000   1    0.2291    0.2165    0.0220    0.0000
    0.0000   1    0.2291    0.2165    0.0220    0.0000
    0.0000   1    0.2290    0.2165    0.0220    0.0000
    0.0000   1    0.2290    0.2165    0.0220    0.0000
    0.0000   1    0.2291    0.2166    0.0220    0.0000
    0.0000   1    0.2291    0.2167    0.0220    0.0000
    0.0000   1    0.2290    0.2165    0.0220    0.0000
    0.0000   1    0.2292    0.2167    0.0220    0.0000
    0.0000   1    0.2292    0.2167    0.0220    0.0000
    0.0000   1    0.2293    0.2169    0.0220    0.0000
    0.0000   1    0.2293    0.2169    0.0220    0.0000
    0.0000   1    0.2292    0.2168    0.0220    0.0000
    0.0000   1    0.2293    0.2169    0.0220    0.0000
    0.0000   1    0.2292    0.2167    0.0220    0.0000
    0.0000   1    0.2292    0.2167    0.0220    0.0000
    0.0000   1    0.2291    0.2166    0.0220    0.0000
    0.0000   1    0.2291    0.2165    0.0220    0.0000
    0.0000   1    0.2290    0.2165    0.0220    0.0000
    0.0000   1    0.2291    0.2166    0.0220    0.0000
    0.0000   1    0.2293    0.2167    0.0220    0.0000
    0.0000   1    0.2292    0.2166    0.0220    0.0000
    0.0000   1    0.2293    0.2167    0.0220    0.0000
    0.0000   1    0.2291    0.2166    0.0220    0.0000
    0.0000   1    0.2293    0.2166    0.0220    0.0000
    0.0000   1    0.2291    0.2166    0.0220    0.0000
    0.0000   1    0.2290    0.2165    0.0220    0.0000
    0.0000   1    0.2291    0.2166    0.0220    0.0000
    0.0000   1    0.2292    0.2165    0.0220    0.0000
    0.0000   1    0.2290    0.2165    0.0220    0.0000
    0.0000   1    0.2290    0.2165    0.0220    0.0000
    0.0000   1    0.2291    0.2164    0.0220    0.0000
    0.0000   1    0.2292    0.2166    0.0220    0.0000
    0.0000   1    0.2293    0.2168    0.0220    0.0000
    0.0000   1    0.2293    0.2167    0.0220    0.0000
    0.0000   1    0.2294    0.2168    0.0219    0.0000
    0.0000   1    0.2294    0.2169    0.0220    0.0000
    0.0000   1    0.2293    0.2169    0.0219    0.0000
    0.0000   1    0.2294    0.2171    0.0219    0.0000
    0.0000   1    0.2294    0.2172    0.0219    0.0000
    0.0000   1    0.2294    0.2170    0.0219    0.0000
    0.0000   1    0.2295    0.2171    0.0219    0.0000
    0.0000   1    0.2295    0.2172    0.0219    0.0000
    0.0000   1    0.2294    0.2172    0.0219    0.0000
    0.0000   1    0.2295    0.2173    0.0219    0.0000
    0.0000   1    0.2294    0.2171    0.0219    0.0000
    0.0000   1    0.2294    0.2173    0.0219    0.0000
    0.0000   1    0.2293    0.2172    0.0219    0.0000
    0.0000   1    0.2292    0.2171    0.0219    0.0000
    0.0000   1    0.2290    0.2170    0.0219    0.0000
