    0.0000   1    0.5850   -0.5365    0.0796
    0.0000   1    0.5849   -0.5349    0.0795
    0.0000   1    0.5852   -0.5370    0.0796
    0.0000   1    0.5849   -0.5364    0.0796
    0.0000   1    0.5851   -0.5371    0.0796
    0.0000   1    0.5849   -0.5371    0.0796
    0.0000   1    0.5851   -0.5377    0.0796
    0.0000   1    0.5851   -0.5352    0.0795
    0.0000   1    0.5851   -0.5362    0.0795
    0.0000   1    0.5850   -0.5359    0.0796
    0.0000   1    0.5849   -0.5358    0.0796
    0.0000   1    0.5847   -0.5350    0.0795
    0.0000   1    0.5850   -0.5355    0.0796
    0.0000   1    0.5852   -0.5349    0.0795
    0.0000   1    0.5854   -0.5351    0.0795
    0.0000   1    0.5851   -0.5351    0.0795
    0.0000   1    0.5854   -0.5331    0.0794
    0.0000   1    0.5858   -0.5336    0.0794
    0.0000   1    0.5858   -0.5354    0.0795
    0.0000   1    0.5856   -0.5343    0.0795
    0.0000   1    0.5853    0.6496    0.0103
    0.0000   1    0.2483    0.9324    0.0103
    0.0000   1    0.2452    0.9149    0.0105
    0.0000   1    0.2425    0.8998    0.0107
    0.0000   1    0.2399    0.8862    0.0109
    0.0000   1    0.2377    0.8744    0.0110
    0.0000   1    0.2359    0.8638    0.0111
    0.0000   1    0.2340    0.8538    0.0113
    0.0000   1    0.2324    0.8446    0.0114
    0.0000   1    0.2309    0.8364    0.0115
    0.0000   1    0.2296    0.8292    0.0116
    0.0000   1    0.2283    0.8220    0.0117
    0.0000   1    0.2272    0.8158    0.0117
    0.0000   1    0.2261    0.8098    0.0118
    0.0000   1    0.2253    0.8052    0.0119
    0.0000   1    0.2245    0.8007    0.0119
    0.0000   1    0.2238    0.7961    0.0120
    0.0000   1    0.2231    0.7922    0.0121
    0.0000   1    0.2224    0.7885    0.0121
    0.0000   1    0.2217    0.7846    0.0122
    0.0000   1    0.2211    0.7810    0.0122
    0.0000   1    0.2206    0.7785    0.0122
    0.0000   1    0.2203    0.7764    0.0123
    0.0000   1    0.2199    0.7742    0.0123
    0.0000   1    0.2194    0.7715    0.0123
    0.0000   1    0.2191    0.7696    0.0124
    0.0000   1    0.2187    0.7677    0.0124
    0.0000   1    0.2184    0.7656    0.0124
    0.0000   1    0.2181    0.7641    0.0124
    0.0000   1    0.2179    0.7624    0.0125
    0.0000   1    0.2176    0.7613    0.0125
    0.0000   1    0.2174    0.7599    0.0125
    0.0000   1    0.2171    0.7586    0.0125
    0.0000   1    0.2170    0.7575    0.0125
    0.0000   1    0.2169    0.7573    0.0125
    0.0000   1    0.2168    0.7560    0.0125
    0.0000   1    0.2164    0.7542    0.0126
    0.0000   1    0.2162    0.7531    0.0126
    0.0000   1    0.2160    0.7521    0.0126
    0.0000   1    0.2160    0.7519    0.0126
    0.0000   1    0.2160    0.7518    0.0126
    0.0000   1    0.2158    0.7511    0.0126
    0.0000   1    0.2157    0.7505    0.0126
    0.0000   1    0.2157    0.7502    0.0126
    0.0000   1    0.2156    0.7495    0.0126
    0.0000   1    0.2155    0.7488    0.0126
    0.0000   1    0.2154    0.7484    0.0126
    0.0000   1    0.2153    0.7480    0.0126
    0.0000   1    0.2152    0.7475    0.0127
    0.0000   1    0.2153    0.7479    0.0126
    0.0000   1    0.2154    0.7482    0.0126
    0.0000   1    0.2153    0.7477    0.0127
    0.0000   1    0.2152    0.7474    0.0127
    0.0000   1    0.2153    0.7473    0.0127
    0.0000   1    0.2153    0.7474    0.0127
    0.0000   1    0.2151    0.7465    0.0127
    0.0000   1    0.2150    0.7458    0.0127
    0.0000   1    0.2150    0.7459    0.0127
    0.0000   1    0.2150    0.7459    0.0127
    0.0000   1    0.2149    0.7456    0.0127
    0.0000   1    0.2150    0.7454    0.0127
    0.0000   1    0.2149    0.7453    0.0127
    0.0000   1    0.2149    0.7455    0.0127
    0.0000   1    0.2149    0.7455    0.0127
    0.0000   1    0.2149    0.7449    0.0127
    0.0000   1    0.2149    0.7452    0.0127
    0.0000   1    0.2148    0.7452    0.0127
    0.0000   1    0.2149    0.7451    0.0127
    0.0000   1    0.2148    0.7445    0.0127
    0.0000   1    0.2148    0.7451    0.0127
    0.0000   1    0.2148    0.7447    0.0127
    0.0000   1    0.2147    0.7444    0.0127
    0.0000   1    0.2146    0.7439    0.0127
    0.0000   1    0.2146    0.7437    0.0127
    0.0000   1    0.2147    0.7440    0.0127
    0.0000   1    0.2147    0.7442    0.0127
    0.0000   1    0.2147    0.7440    0.0127
    0.0000   1    0.2148    0.7446    0.0127
    0.0000   1    0.2147    0.7444    0.0127
    0.0000   1    0.2147    0.7446    0.0127
    0.0000   1    0.2148    0.7445    0.0127
    0.0000   1    0.2147    0.7446    0.0127
    0.0000   1    0.2147    0.7442    0.0127
    0.0000   1    0.2148    0.7445    0.0127
    0.0000   1    0.2149    0.7449    0.0127
    0.0000   1    0.2148    0.7448    0.0127
    0.0000   1    0.2147    0.7445    0.0127
    0.0000   1    0.2148    0.7444    0.0127
    0.0000   1    0.2148    0.7445    0.0127
    0.0000   1    0.2147    0.7442    0.0127
    0.0000   1    0.2148    0.7446    0.0127
    0.0000   1    0.2148    0.7448    0.0127
    0.0000   1    0.2149    0.7450    0.0127
    0.0000   1    0.2147    0.7444    0.0127
    0.0000   1    0.2147    0.7441    0.0127
    0.0000   1    0.2148    0.7445    0.0127
    0.0000   1    0.2149    0.7450    0.0127
    0.0000   1    0.2148    0.7450    0.0127
    0.0000   1    0.2149    0.7450    0.0127
    0.0000   1    0.2148    0.7447    0.0127
    0.0000   1    0.2148    0.7445    0.0127
    0.0000   1    0.2148    0.7446    0.0127
    0.0000   1    0.2148    0.7445    0.0127
    0.0000   1    0.2148    0.7445    0.0127
    0.0000   1    0.2148    0.7445    0.0127
    0.0000   1    0.2146    0.7438    0.0127
    0.0000   1    0.2147    0.7439    0.0127
    0.0000   1    0.2147    0.7440    0.0127
    0.0000   1    0.2146    0.7436    0.0127
    0.0000   1    0.2146    0.7435    0.0127
    0.0000   1    0.2145    0.7431    0.0127
    0.0000   1    0.2146    0.7433    0.0127
    0.0000   1    0.2145    0.7430    0.0127
    0.0000   1    0.2146    0.7434    0.0127
    0.0000   1    0.2145    0.7430    0.0127
    0.0000   1    0.2145    0.7430    0.0127
    0.0000   1    0.2145    0.7432    0.0127
    0.0000   1    0.2145    0.7427    0.0127
    0.0000   1    0.2144    0.7427    0.0127
    0.0000   1    0.2144    0.7421    0.0127
    0.0000   1    0.2143    0.7419    0.0127
    0.0000   1    0.2143    0.7424    0.0127
    0.0000   1    0.2144    0.7427    0.0127
    0.0000   1    0.2145    0.7424    0.0127
    0.0000   1    0.2145    0.7426    0.0127
    0.0000   1    0.2145    0.7429    0.0127
    0.0000   1    0.2145    0.7428    0.0127
    0.0000   1    0.2145    0.7427    0.0127
    0.0000   1    0.2143    0.7422    0.0127
    0.0000   1    0.2144    0.7422    0.0127
    0.0000   1    0.2144    0.7424    0.0127
    0.0000   1    0.2145    0.7434    0.0127
    0.0000   1    0.2146    0.7432    0.0127
    0.0000   1    0.2148    0.7437    0.0127
    0.0000   1    0.2146    0.7428    0.0127
    0.0000   1    0.2144    0.7423    0.0127
    0.0000   1    0.2145    0.7424    0.0127
    0.0000   1    0.2144    0.7420    0.0127
    0.0000   1    0.2145    0.7427    0.0127
    0.0000   1    0.2145    0.7430    0.0127
    0.0000   1    0.2146    0.7432    0.0127
    0.0000   1    0.2145    0.7429    0.0127
    0.0000   1    0.2146    0.7434    0.0127
    0.0000   1    0.2147    0.7434    0.0127
    0.0000   1    0.2146    0.7435    0.0127
    0.0000   1    0.2146    0.7432    0.0127
    0.0000   1    0.2144    0.7423    0.0127
    0.0000   1    0.2145    0.7429    0.0127
    0.0000   1    0.2144    0.7428    0.0127
    0.0000   1    0.2144    0.7425    0.0127
    0.0000   1    0.2143    0.7423    0.0127
    0.0000   1    0.2145    0.7426    0.0127
    0.0000   1    0.2145    0.7428    0.0127
    0.0000   1    0.2146    0.7436    0.0127
    0.0000   1    0.2146    0.7435    0.0127
    0.0000   1    0.2146    0.7437    0.0127
    0.0000   1    0.2146    0.7437    0.0127
    0.0000   1    0.2145    0.7430    0.0127
    0.0000   1    0.2145    0.7429    0.0127
    0.0000   1    0.2144    0.7422    0.0127
    0.0000   1    0.2144    0.7424    0.0127
    0.0000   1    0.2144    0.7423    0.0127
    0.0000   1    0.2142    0.7413    0.0127
    0.0000   1    0.2142    0.7415    0.0127
    0.0000   1    0.2143    0.7416    0.0127
    0.0000   1    0.2142    0.7413    0.0127
    0.0000   1    0.2142    0.7414    0.0127
    0.0000   1    0.2143    0.7420    0.0127
    0.0000   1    0.2144    0.7423    0.0127
    0.0000   1    0.2144    0.7424    0.0127
    0.0000   1    0.2144    0.7425    0.0127
    0.0000   1    0.2145    0.7432    0.0127
    0.0000   1    0.2146    0.7434    0.0127
    0.0000   1    0.2147    0.7437    0.0127
    0.0000   1    0.2146    0.7435    0.0127
    0.0000   1    0.2146    0.7432    0.0127
    0.0000   1    0.2145    0.7430    0.0127
    0.0000   1    0.2146    0.7433    0.0127
    0.0000   1    0.2147    0.7438    0.0127
    0.0000   1    0.2147    0.7442    0.0127
    0.0000   1    0.2147    0.7437    0.0127
    0.0000   1    0.2147    0.7436    0.0127
    0.0000   1    0.2147    0.7437    0.0127
    0.0000   1    0.2146    0.7432    0.0127
    0.0000   1    0.2145    0.7428    0.0127
    0.0000   1    0.2146    0.7433    0.0127
    0.0000   1    0.2146    0.7435    0.0127
    0.0000   1    0.2144    0.7425    0.0127
    0.0000   1    0.2145    0.7429    0.0127
    0.0000   1    0.2145    0.7428    0.0127
    0.0000   1    0.2145    0.7425    0.0127
    0.0000   1    0.2146    0.7433    0.0127
    0.0000   1    0.2145    0.7425    0.0127
    0.0000   1    0.2144    0.7425    0.0127
    0.0000   1    0.2144    0.7424    0.0127
    0.0000   1    0.2144    0.7422    0.0127
    0.0000   1    0.2143    0.7418    0.0127
    0.0000   1    0.2144    0.7424    0.0127
    0.0000   1    0.2144    0.7423    0.0127
    0.0000   1    0.2145    0.7428    0.0127
    0.0000   1    0.2145    0.7427    0.0127
    0.0000   1    0.2145    0.7429    0.0127
    0.0000   1    0.2144    0.7422    0.0127
    0.0000   1    0.2144    0.7426    0.0127
    0.0000   1    0.2144    0.7423    0.0127
    0.0000   1    0.2144    0.7418    0.0127
    0.0000   1    0.2144    0.7424    0.0127
    0.0000   1    0.2144    0.7427    0.0127
    0.0000   1    0.2145    0.7426    0.0127
    0.0000   1    0.2144    0.7424    0.0127
    0.0000   1    0.2145    0.7423    0.0127
    0.0000   1    0.2145    0.7427    0.0127
    0.0000   1    0.2145    0.7429    0.0127
    0.0000   1    0.2143    0.7418    0.0127
    0.0000   1    0.2143    0.7417    0.0127
    0.0000   1    0.2144    0.7423    0.0127
    0.0000   1    0.2145    0.7431    0.0127
    0.0000   1    0.2145    0.7432    0.0127
    0.0000   1    0.2145    0.7430    0.0127
    0.0000   1    0.2145    0.7434    0.0127
    0.0000   1    0.2145    0.7430    0.0127
    0.0000   1    0.2145    0.7431    0.0127
    0.0000   1    0.2145    0.7429    0.0127
    0.0000   1    0.2144    0.7421    0.0127
    0.0000   1    0.2144    0.7423    0.0127
    0.0000   1    0.2145    0.7426    0.0127
    0.0000   1    0.2145    0.7426    0.0127
    0.0000   1    0.2144    0.7422    0.0127
    0.0000   1    0.2144    0.7428    0.0127
    0.0000   1    0.2145    0.7428    0.0127
    0.0000   1    0.2146    0.7431    0.0127
    0.0000   1    0.2145    0.7426    0.0127
    0.0000   1    0.2146    0.7429    0.0127
    0.0000   1    0.2146    0.7433    0.0127
    0.0000   1    0.2145    0.7431    0.0127
    0.0000   1    0.2146    0.7434    0.0127
    0.0000   1    0.2146    0.7434    0.0127
    0.0000   1    0.2146    0.7432    0.0127
    0.0000   1    0.2147    0.7435    0.0127
    0.0000   1    0.2146    0.7434    0.0127
    0.0000   1    0.2145    0.7430    0.0127
    0.0000   1    0.2145    0.7426    0.0127
    0.0000   1    0.2146    0.7430    0.0127
    0.0000   1    0.2146    0.7429    0.0127
    0.0000   1    0.2146    0.7435    0.0127
    0.0000   1    0.2145    0.7432    0.0127
    0.0000   1    0.2145    0.7430    0.0127
    0.0000   1    0.2146    0.7433    0.0127
    0.0000   1    0.2145    0.7437    0.0127
    0.0000   1    0.2147    0.7436    0.0127
    0.0000   1    0.2146    0.7433    0.0127
    0.0000   1    0.2147    0.7437    0.0127
    0.0000   1    0.2147    0.7439    0.0127
    0.0000   1    0.2145    0.7434    0.0127
    0.0000   1    0.2145    0.7431    0.0127
    0.0000   1    0.2147    0.7440    0.0127
    0.0000   1    0.2146    0.7436    0.0127
    0.0000   1    0.2147    0.7437    0.0127
    0.0000   1    0.2147    0.7436    0.0127
    0.0000   1    0.2146    0.7434    0.0127
    0.0000   1    0.2145    0.7426    0.0127
    0.0000   1    0.2145    0.7429    0.0127
    0.0000   1    0.2145    0.7430    0.0127
    0.0000   1    0.2147    0.7435    0.0127
    0.0000   1    0.2146    0.7430    0.0127
    0.0000   1    0.2144    0.7422    0.0127
    0.0000   1    0.2143    0.7420    0.0127
    0.0000   1    0.2143    0.7421    0.0127
    0.0000   1    0.2144    0.7421    0.0127
    0.0000   1    0.2143    0.7420    0.0127
    0.0000   1    0.2145    0.7428    0.0127
    0.0000   1    0.2144    0.7426    0.0127
    0.0000   1    0.2146    0.7430    0.0127
    0.0000   1    0.2145    0.7431    0.0127
    0.0000   1    0.2145    0.7428    0.0127
    0.0000   1    0.2145    0.7427    0.0127
    0.0000   1    0.2145    0.7428    0.0127
    0.0000   1    0.2145    0.7431    0.0127
    0.0000   1    0.2145    0.7427    0.0127
    0.0000   1    0.2144    0.7424    0.0127
    0.0000   1    0.2144    0.7426    0.0127
    0.0000   1    0.2144    0.7428    0.0127
    0.0000   1    0.2144    0.7424    0.0127
    0.0000   1    0.2144    0.7424    0.0127
    0.0000   1    0.2145    0.7429    0.0127
    0.0000   1    0.2145    0.7428    0.0127
    0.0000   1    0.2146    0.7428    0.0127
    0.0000   1    0.2145    0.7429    0.0127
    0.0000   1    0.2145    0.7430    0.0127
    0.0000   1    0.2146    0.7434    0.0127
    0.0000   1    0.2146    0.7430    0.0127
    0.0000   1    0.2146    0.7429    0.0127
    0.0000   1    0.2145    0.7427    0.0127
    0.0000   1    0.2145    0.7427    0.0127
    0.0000   1    0.2145    0.7427    0.0127
    0.0000   1    0.2143    0.7421    0.0127
    0.0000   1    0.2144    0.7421    0.0127
    0.0000   1    0.2144    0.7421    0.0127
    0.0000   1    0.2143    0.7419    0.0127
    0.0000   1    0.2143    0.7420    0.0127
    0.0000   1    0.2144    0.7424    0.0127
    0.0000   1    0.2144    0.7423    0.0127
    0.0000   1    0.2145    0.7429    0.0127
    0.0000   1    0.2145    0.7429    0.0127
    0.0000   1    0.2145    0.7426    0.0127
    0.0000   1    0.2146    0.7432    0.0127
    0.0000   1    0.2145    0.7430    0.0127
    0.0000   1    0.2145    0.7429    0.0127
    0.0000   1    0.2144    0.7425    0.0127
    0.0000   1    0.2145    0.7429    0.0127
    0.0000   1    0.2146    0.7428    0.0127
    0.0000   1    0.2145    0.7427    0.0127
    0.0000   1    0.2145    0.7430    0.0127
    0.0000   1    0.2145    0.7428    0.0127
    0.0000   1    0.2146    0.7432    0.0127
    0.0000   1    0.2146    0.7434    0.0127
    0.0000   1    0.2147    0.7437    0.0127
    0.0000   1    0.2147    0.7436    0.0127
    0.0000   1    0.2145    0.7430    0.0127
    0.0000   1    0.2146    0.7431    0.0127
    0.0000   1    0.2145    0.7429    0.0127
    0.0000   1    0.2144    0.7426    0.0127
    0.0000   1    0.2145    0.7425    0.0127
    0.0000   1    0.2146    0.7428    0.0127
    0.0000   1    0.2144    0.7424    0.0127
    0.0000   1    0.2145    0.7426    0.0127
    0.0000   1    0.2144    0.7425    0.0127
    0.0000   1    0.2145    0.7427    0.0127
    0.0000   1    0.2144    0.7424    0.0127
    0.0000   1    0.2145    0.7426    0.0127
    0.0000   1    0.2145    0.7423    0.0127
    0.0000   1    0.2145    0.7429    0.0127
    0.0000   1    0.2145    0.7428    0.0127
    0.0000   1    0.2146    0.7430    0.0127
    0.0000   1    0.2145    0.7428    0.0127
    0.0000   1    0.2144    0.7423    0.0127
    0.0000   1    0.2144    0.7422    0.0127
    0.0000   1    0.2145    0.7427    0.0127
    0.0000   1    0.2147    0.7434    0.0127
    0.0000   1    0.2146    0.7436    0.0127
    0.0000   1    0.2146    0.7433    0.0127
    0.0000   1    0.2146    0.7427    0.0127
    0.0000   1    0.2144    0.7422    0.0127
    0.0000   1    0.2143    0.7418    0.0127
    0.0000   1    0.2144    0.7417    0.0127
    0.0000   1    0.2143    0.7417    0.0127
    0.0000   1    0.2143    0.7419    0.0127
    0.0000   1    0.2145    0.7421    0.0127
    0.0000   1    0.2145    0.7430    0.0127
    0.0000   1    0.2145    0.7430    0.0127
    0.0000   1    0.2144    0.7426    0.0127
    0.0000   1    0.2145    0.7423    0.0127
    0.0000   1    0.2145    0.7429    0.0127
    0.0000   1    0.2145    0.7425    0.0127
    0.0000   1    0.2145    0.7428    0.0127
    0.0000   1    0.2144    0.7427    0.0127
    0.0000   1    0.2144    0.7426    0.0127
    0.0000   1    0.2144    0.7427    0.0127
    0.0000   1    0.2143    0.7425    0.0127
    0.0000   1    0.2145    0.7427    0.0127
    0.0000   1    0.2144    0.7426    0.0127
    0.0000   1    0.2145    0.7432    0.0127
    0.0000   1    0.2146    0.7428    0.0127
    0.0000   1    0.2146    0.7434    0.0127
    0.0000   1    0.2146    0.7431    0.0127
    0.0000   1    0.2146    0.7433    0.0127
    0.0000   1    0.2144    0.7423    0.0127
    0.0000   1    0.2145    0.7426    0.0127
    0.0000   1    0.2145    0.7427    0.0127
    0.0000   1    0.2145    0.7430    0.0127
    0.0000   1    0.2145    0.7429    0.0127
    0.0000   1    0.2145    0.7430    0.0127
    0.0000   1    0.2147    0.7437    0.0127
    0.0000   1    0.2146    0.7435    0.0127
    0.0000   1    0.2146    0.7432    0.0127
    0.0000   1    0.2145    0.7433    0.0127
    0.0000   1    0.2145    0.7428    0.0127
    0.0000   1    0.2145    0.7426    0.0127
    0.0000   1    0.2144    0.7420    0.0127
    0.0000   1    0.2143    0.7417    0.0127
    0.0000   1    0.2143    0.7414    0.0127
    0.0000   1    0.2143    0.7422    0.0127
    0.0000   1    0.2144    0.7421    0.0127
    0.0000   1    0.2145    0.7426    0.0127
    0.0000   1    0.2144    0.7427    0.0127
    0.0000   1    0.2145    0.7429    0.0127
    0.0000   1    0.2144    0.7423    0.0127
    0.0000   1    0.2143    0.7419    0.0127
    0.0000   1    0.2144    0.7419    0.0127
    0.0000   1    0.2144    0.7425    0.0127
    0.0000   1    0.2144    0.7420    0.0127
    0.0000   1    0.2144    0.7423    0.0127
    0.0000   1    0.2144    0.7421    0.0127
    0.0000   1    0.2144    0.7423    0.0127
    0.0000   1    0.2143    0.7419    0.0127
    0.0000   1    0.2144    0.7426    0.0127
    0.0000   1    0.2146    0.7437    0.0127
    0.0000   1    0.2147    0.7440    0.0127
    0.0000   1    0.2147    0.7438    0.0127
    0.0000   1    0.2147    0.7435    0.0127
    0.0000   1    0.2147    0.7439    0.0127
    0.0000   1    0.2147    0.7434    0.0127
    0.0000   1    0.2147    0.7439    0.0127
    0.0000   1    0.2147    0.7436    0.0127
    0.0000   1    0.2146    0.7436    0.0127
    0.0000   1    0.2147    0.7439    0.0127
    0.0000   1    0.2146    0.7437    0.0127
    0.0000   1    0.2145    0.7432    0.0127
    0.0000   1    0.2146    0.7430    0.0127
    0.0000   1    0.2145    0.7430    0.0127
    0.0000   1    0.2144    0.7426    0.0127
    0.0000   1    0.2146    0.7434    0.0127
    0.0000   1    0.2144    0.7427    0.0127
    0.0000   1    0.2144    0.7423    0.0127
    0.0000   1    0.2143    0.7416    0.0127
    0.0000   1    0.2143    0.7417    0.0127
    0.0000   1    0.2143    0.7422    0.0127
    0.0000   1    0.2144    0.7424    0.0127
    0.0000   1    0.2143    0.7418    0.0127
    0.0000   1    0.2145    0.7428    0.0127
    0.0000   1    0.2145    0.7429    0.0127
    0.0000   1    0.2145    0.7426    0.0127
    0.0000   1    0.2144    0.7429    0.0127
    0.0000   1    0.2145    0.7428    0.0127
    0.0000   1    0.2145    0.7433    0.0127
    0.0000   1    0.2146    0.7430    0.0127
    0.0000   1    0.2147    0.7439    0.0127
    0.0000   1    0.2146    0.7438    0.0127
    0.0000   1    0.2146    0.7438    0.0127
    0.0000   1    0.2148    0.7443    0.0127
    0.0000   1    0.2148    0.7445    0.0127
    0.0000   1    0.2147    0.7442    0.0127
    0.0000   1    0.2148    0.7442    0.0127
    0.0000   1    0.2148    0.7442    0.0127
    0.0000   1    0.2147    0.7442    0.0127
    0.0000   1    0.2147    0.7437    0.0127
    0.0000   1    0.2147    0.7440    0.0127
    0.0000   1    0.2148    0.7439    0.0127
    0.0000   1    0.2147    0.7440    0.0127
    0.0000   1    0.2147    0.7441    0.0127
    0.0000   1    0.2147    0.7442    0.0127
    0.0000   1    0.2146    0.7436    0.0127
    0.0000   1    0.2146    0.7433    0.0127
    0.0000   1    0.2145    0.7430    0.0127
    0.0000   1    0.2144    0.7424    0.0127
    0.0000   1    0.2144    0.7425    0.0127
    0.0000   1    0.2146    0.7434    0.0127
    0.0000   1    0.2145    0.7430    0.0127
    0.0000   1    0.2145    0.7433    0.0127
    0.0000   1    0.2146    0.7432    0.0127
    0.0000   1    0.2144    0.7429    0.0127
    0.0000   1    0.2146    0.7438    0.0127
    0.0000   1    0.2146    0.7432    0.0127
    0.0000   1    0.2146    0.7436    0.0127
    0.0000   1    0.2146    0.7435    0.0127
    0.0000   1    0.2146    0.7435    0.0127
    0.0000   1    0.2146    0.7435    0.0127
    0.0000   1    0.2146    0.7436    0.0127
    0.0000   1    0.2145    0.7433    0.0127
    0.0000   1    0.2144    0.7429    0.0127
    0.0000   1    0.2146    0.7433    0.0127
    0.0000   1    0.2144    0.7428    0.0127
    0.0000   1    0.2144    0.7429    0.0127
    0.0000   1    0.2144    0.7427    0.0127
    0.0000   1    0.2145    0.7431    0.0127
    0.0000   1    0.2144    0.7429    0.0127
    0.0000   1    0.2143    0.7428    0.0127
    0.0000   1    0.2142    0.7419    0.0127
    0.0000   1    0.2141    0.7418    0.0127
    0.0000   1    0.2142    0.7423    0.0127
    0.0000   1    0.2141    0.7419    0.0127
    0.0000   1    0.2143    0.7427    0.0127
    0.0000   1    0.2144    0.7437    0.0126
    0.0000   1    0.2144    0.7443    0.0126
    0.0000   1    0.2144    0.7446    0.0126
    0.0000   1    0.2143    0.7453    0.0126
    0.0000   1    0.2145    0.7465    0.0125
    0.0000   1    0.2145    0.7474    0.0125
    0.0000   1    0.2144    0.7481    0.0124
    0.0000   1    0.2144    0.7502    0.0123
