   169.212575665632     
   442.253560546083     
   179.570348542230     
   172.975729349743     
   171.117091109951     
   426.969982288700     
   348.548551000159     
   255.908621829302     
   169.218435779647     
   255.908621829302     
   167.583968566377     
   288.757963848350     
   343.982660393804     
   403.425951418652     
   180.487830432771     
   348.548551000159     
   403.425951418652     
   445.856915704353     
   200.905730582391     
   450.424779368245     
   418.770381354371     
   410.801356083423     
   392.400311408697     
   173.431682859207     
   403.425951418652     
   428.740872483444     
   169.374981172024     
   397.153723844761     
   339.775162528522     
   270.176044601355     
   165.817556389869     
   234.711946438060     
   167.583968566377     
   333.757032176517     
   237.462578249212     
   255.908621829302     
   410.801356083423     
   179.570348542230     
   348.548551000159     
   418.770381354371     
   239.793590884350     
   170.810407384124     
   170.913853445053     
   169.044362796124     
   434.983777584171     
   403.425951418652     
   197.318861923680     
   410.801356083423     
   167.660494656496     
   327.277979013898     
   171.014450739972     
   321.342024751813     
   329.808664845712     
   441.913576037366     
   179.284459998684     
   171.540464809189     
   180.487830432771     
   170.913853445053     
   418.770381354371     
   170.243327605476     
   175.683979305506     
   237.291264432770     
   237.462578249212     
   434.983777584171     
   168.964595981079     
   168.580487596026     
   180.487830432771     
   450.424779368245     
   410.801356083423     
   442.253560546083     
   170.755140379081     
   333.757032176517     
   334.297730627406     
   473.642205639725     
   432.247864877009     
   397.153723844761     
   307.480668030286     
   307.650866790303     
   321.342024751813     
   343.596117274493     
   307.650866790303     
   171.834298415588     
   170.913853445053     
   318.800569898595     
   180.487830432771     
   182.213492598183     
   397.153723844761     
   327.277979013898     
   225.662389651615     
   214.700798032998     
   289.767035836068     
   397.153723844761     
   403.425951418652     
   403.425951418652     
   333.757032176517     
   423.261104379473     
   305.981741139146     
   275.813032322230     
   307.650866790303     
   403.425951418652     
   418.770381354371     
   171.618929795996     
   237.462578249212     
   410.801356083423     
   442.253560546083     
   338.455620831376     
   403.425951418652     
   179.079998290675     
   339.775162528522     
   228.850625899666     
   428.740872483444     
   169.035412101202     
   279.163335752330     
   392.400311408697     
   389.051429074992     
   449.167850222014     
   392.400311408697     
   169.094003969622     
   441.913576037366     
   441.913576037366     
   333.757032176517     
   293.122114565920     
   354.192235856134     
   169.035412101202     
   179.079998290675     
   179.079998290675     
   410.801356083423     
   179.570348542230     
   170.810407384124     
   478.371805591286     
   397.153723844761     
   403.425951418652     
   191.113485348244     
   169.060554536516     
   172.975729349743     
   192.775828898764     
   397.153723844761     
   428.740872483444     
   397.153723844761     
   170.913853445053     
   167.398022617681     
   321.342024751813     
   192.313830791449     
   275.813032322230     
   165.817556389869     
   195.654198399658     
   187.627774176331     
   289.767035836068     
   295.000279140916     
   238.545015171810     
   295.000279140916     
   287.030522885753     
   455.734337527849     
   450.424779368245     
   167.472381793909     
   403.425951418652     
   311.079296473798     
   436.705522177229     
   445.856915704353     
   434.983777584171     
   333.222945469544     
   166.183052054972     
   281.717957315055     
   329.591660596073     
   442.253560546083     
   189.392650193021     
   224.213876464567     
   170.218615608759     
   397.153723844761     
   410.801356083423     
   403.425951418652     
   198.897406287196     
   179.570348542230     
   168.467813393223     
   182.213492598183     
   321.342024751813     
   321.342024751813     
   228.850625899666     
   225.070026687529     
   434.983777584171     
   301.175524807619     
   242.556850235094     
   244.482481716573     
   242.494000010473     
   242.494000010473     
   333.757032176517     
   172.728532919205     
   293.122114565920     
   181.532410530635     
   403.425951418652     
   179.079998290675     
   178.305240616839     
   450.424779368245     
   410.801356083423     
   170.810407384124     
   336.450858408024     
   418.770381354371     
   425.846018920815     
   228.504427951141     
   397.153723844761     
   434.983777584171     
   179.079998290675     
   171.117091109951     
   343.982660393804     
   213.836102302389     
   243.443191491636     
   173.431682859207     
   338.455620831376     
   169.035412101202     
   410.801356083423     
   327.277979013898     
   315.807378282778     
   410.801356083423     
   170.913853445053     
   169.044362796124     
   208.045724181720     
   410.801356083423     
   448.357073659849     
   338.455620831376     
   171.117091109951     
   170.913853445053     
   410.801356083423     
   410.801356083423     
   410.801356083423     
   180.487830432771     
   448.357073659849     
   169.044362796124     
   180.487830432771     
   168.964595981079     
   186.001740746769     
   280.468291450754     
   167.276615695345     
   193.996394594894     
   168.467813393223     
   232.314925223642     
   321.342024751813     
   167.764433956908     
   171.131767453744     
   434.983777584171     
   229.924024410900     
   246.938170589060     
   167.318440313606     
   214.700798032998     
   168.580487596026     
   193.377146561121     
   239.793590884350     
   239.793590884350     
   175.742361072509     
   182.213492598183     
   174.563120749469     
   229.924024410900     
   167.866897651905     
   293.122114565920     
   167.930180435006     
   275.813032322230     
   315.807378282778     
   166.350318926516     
   229.924024410900     
   321.342024751813     
   165.803760756111     
   275.813032322230     
   186.949188788891     
   167.335687341958     
   348.548551000159     
   242.556850235094     
   288.757963848350     
   173.431682859207     
   186.001740746769     
   224.213876464567     
   169.377628580656     
   354.192235856134     
   339.775162528522     
   442.253560546083     
   176.328809683522     
   314.078642813138     
   171.117091109951     
   434.983777584171     
   426.969982288700     
   187.627774176331     
   456.245063874699     
   170.755140379081     
   169.044362796124     
   171.117091109951     
   195.212917997811     
   434.983777584171     
   293.122114565920     
   204.228614930684     
   338.455620831376     
   166.660148777875     
   242.556850235094     
   292.798771254332     
   228.850625899666     
   308.259628441313     
   346.497810656964     
   329.591660596073     
   220.827369503344     
   281.717957315055     
   392.400311408697     
   329.591660596073     
   311.079296473798     
   186.847414553163     
   442.253560546083     
   454.638949242785     
   200.905730582391     
   172.309534938835     
   180.487830432771     
   199.140637793342     
   173.567479229653     
   169.259020277959     
   208.752480003769     
   197.318861923680     
   329.591660596073     
   477.753450710126     
   166.667033580779     
   169.094003969622     
   428.740872483444     
   179.570348542230     
   267.905464745892     
   410.801356083423     
   418.770381354371     
   436.705522177229     
   238.523296047972     
   170.913853445053     
   171.834298415588     
   410.801356083423     
   423.261104379473     
   403.425951418652     
   338.455620831376     
   441.913576037366     
   169.141259135999     
   173.084475306300     
   180.487830432771     
   410.801356083423     
   254.444800274178     
   448.357073659849     
   182.213492598183     
   403.425951418652     
   354.192235856134     
   329.591660596073     
   410.801356083423     
   167.490187968509     
   180.487830432771     
   170.755140379081     
   434.983777584171     
   410.801356083423     
   167.583968566377     
   428.740872483444     
   187.627774176331     
   418.770381354371     
   170.810407384124     
   310.319501578332     
   410.801356083423     
   397.153723844761     
   397.153723844761     
   285.035311155540     
   180.487830432771     
   403.425951418652     
   329.591660596073     
   209.728543082278     
   170.755140379081     
   288.757963848350     
   181.532410530635     
   293.122114565920     
   285.035311155540     
   168.625023344621     
   281.717957315055     
   235.277448436543     
   177.710550032956     
   169.635372587978     
   321.342024751813     
   261.310657790411     
   428.740872483444     
   180.826274491029     
   428.740872483444     
   281.717957315055     
   436.705522177229     
   403.425951418652     
   267.905464745892     
   173.646574557779     
   397.153723844761     
   338.455620831376     
   343.982660393804     
   410.801356083423     
   180.487830432771     
   261.310657790411     
   171.117091109951     
   180.487830432771     
   434.983777584171     
   428.740872483444     
   187.627774176331     
   436.705522177229     
   403.425951418652     
   403.425951418652     
   338.455620831376     
   176.497042647175     
   289.767035836068     
   329.591660596073     
   329.591660596073     
   170.810407384124     
   403.425951418652     
   397.153723844761     
   293.122114565920     
   232.314925223642     
   338.455620831376     
   232.314925223642     
   230.166508933049     
   166.162865144536     
   271.457739169958     
   307.480668030286     
   235.277448436543     
   235.277448436543     
   237.462578249212     
   166.162865144536     
   179.570348542230     
   211.802528978541     
   168.410087447773     
   176.497042647175     
   186.001740746769     
   182.404249242605     
   280.468291450754     
   168.410087447773     
   188.987102746461     
   403.425951418652     
   403.425951418652     
   187.627774176331     
   392.400311408697     
   446.429922607797     
   420.237748885665     
   187.627774176331     
   166.986875531203     
   410.801356083423     
   454.638949242785     
   192.775828898764     
   170.755140379081     
   179.284459998684     
   348.548551000159     
   169.044362796124     
   410.801356083423     
   179.570348542230     
   186.949188788891     
   170.501604372954     
   442.253560546083     
   397.153723844761     
   403.425951418652     
   285.035311155540     
   264.885320375596     
   327.277979013898     
   170.913853445053     
   170.810407384124     
   321.342024751813     
   186.949188788891     
   165.834458930869     
   242.556850235094     
   186.001740746769     
   226.979055413032     
   224.213876464567     
   234.711946438060     
   321.342024751813     
   397.153723844761     
   343.982660393804     
   168.365228547229     
   185.766911176142     
   195.212917997811     
   186.384146432159     
   166.222141014098     
   166.222141014098     
   187.686472884956     
   229.924024410900     
   165.824247470137     
   186.384146432159     
   166.222141014098     
   226.979055413032     
   186.949188788891     
   213.323416283406     
   190.304278564004     
   232.874872592502     
   321.342024751813     
   410.801356083423     
   169.374981172024     
   221.743207722589     
   187.686472884956     
   169.374981172024     
   321.342024751813     
   403.425951418652     
   253.828163946968     
   211.611489214757     
   172.600891090652     
   410.801356083423     
   460.979792940964     
   169.242114977303     
   428.740872483444     
   300.113727681959     
   178.861358574640     
   232.314925223642     
   182.213492598183     
   179.079998290675     
   192.775828898764     
   410.801356083423     
   436.705522177229     
   211.611489214757     
   434.983777584171     
   428.740872483444     
   169.158645728256     
   167.335687341958     
   434.983777584171     
   434.983777584171     
   170.755140379081     
   218.869185211856     
   169.035412101202     
   428.740872483444     
   442.253560546083     
   321.342024751813     
   209.728543082278     
   192.313830791449     
   175.361475942431     
   168.444148480671     
   314.078642813138     
   410.801356083423     
   226.979055413032     
   170.418435164859     
   410.801356083423     
   403.425951418652     
   230.416635253783     
   245.657954095610     
   167.406170194599     
   314.078642813138     
   190.854278666067     
   338.455620831376     
   240.353181827786     
   235.277448436543     
   296.734092467447     
   321.342024751813     
   329.808664845712     
   170.063775234645     
   166.628461593910     
   403.425951418652     
   240.353181827786     
   172.728532919205     
   173.082349648418     
   174.270674726989     
   418.770381354371     
   329.808664845712     
   336.362221817219     
   419.088162206280     
   410.801356083423     
   432.247864877009     
   336.450858408024     
   179.079998290675     
   432.664796933062     
   241.907930582475     
   285.035311155540     
   275.813032322230     
   392.400311408697     
   389.051429074992     
   285.035311155540     
   235.277448436543     
   170.418435164859     
   235.277448436543     
   275.813032322230     
   186.001740746769     
   315.807378282778     
   212.381862803819     
   329.591660596073     
   166.456368913392     
   237.462578249212     
   169.806777557230     
   230.166508933049     
   238.545015171810     
   170.913853445053     
   167.318440313606     
   169.189406822328     
   237.462578249212     
   237.462578249212     
   224.213876464567     
   224.213876464567     
   192.313830791449     
   232.314925223642     
   245.043755283361     
   168.930963117556     
   167.297263440793     
   321.342024751813     
   168.961491683160     
   289.767035836068     
   436.705522177229     
   169.218435779647     
   307.650866790303     
   310.319501578332     
   442.253560546083     
   392.400311408697     
   237.462578249212     
   170.755140379081     
   238.523296047972     
   170.810407384124     
   403.425951418652     
   392.400311408697     
   397.153723844761     
   425.846018920815     
   336.362221817219     
   423.261104379473     
   178.656746274610     
   189.392650193021     
   442.253560546083     
   307.480668030286     
   339.775162528522     
   169.280764668059     
   167.430841111498     
   403.425951418652     
   410.801356083423     
   325.934541381996     
   179.079998290675     
   440.187255456801     
   397.153723844761     
   326.396635511956     
   311.079296473798     
   167.297263440793     
   175.361475942431     
   289.767035836068     
   428.740872483444     
   403.425951418652     
   403.425951418652     
   403.425951418652     
   170.810407384124     
   343.982660393804     
   169.377628580656     
   403.425951418652     
   226.979055413032     
   410.801356083423     
   410.801356083423     
   172.309534938835     
   442.253560546083     
   410.801356083423     
   168.467813393223     
   169.044362796124     
   182.213492598183     
   327.277979013898     
   403.425951418652     
   460.979792940964     
   311.079296473798     
   436.705522177229     
   397.153723844761     
   179.079998290675     
   403.425951418652     
   423.261104379473     
   329.591660596073     
   397.153723844761     
   168.410087447773     
   168.961491683160     
   166.574292947810     
   167.627824413973     
   190.169708334983     
   239.793590884350     
   235.277448436543     
   221.841186509355     
   321.342024751813     
   225.662389651615     
   169.030364056009     
   348.548551000159     
   167.866897651905     
   469.748838013739     
   445.856915704353     
   170.755140379081     
   432.664796933062     
   327.327202977260     
   281.717957315055     
   339.775162528522     
   169.086997849776     
   397.153723844761     
   182.858057705903     
   169.044362796124     
   242.556850235094     
   166.746277714606     
   168.625023344621     
   239.793590884350     
   403.425951418652     
   241.907930582475     
   442.253560546083     
   170.501604372954     
   180.487830432771     
   226.979055413032     
   283.113184819822     
   410.801356083423     
   285.035311155540     
   224.213876464567     
   166.456368913392     
   172.581143563280     
   403.425951418652     
   235.277448436543     
   403.425951418652     
   165.803760756111     
   192.769070060434     
   271.457739169958     
   176.328809683522     
   410.801356083423     
   173.431682859207     
   167.764433956908     
   226.979055413032     
   315.807378282778     
   240.353181827786     
   165.825360600096     
   244.482481716573     
   179.079998290675     
   397.153723844761     
   165.801847766250     
   397.153723844761     
   403.425951418652     
   450.424779368245     
   436.705522177229     
   397.153723844761     
   170.501604372954     
   410.801356083423     
   229.924024410900     
   237.462578249212     
   189.724322342786     
   189.926211115802     
   186.384146432159     
   423.261104379473     
   179.079998290675     
   240.353181827786     
   469.748838013739     
   239.793590884350     
   448.357073659849     
   349.956817554028     
   463.341459156843     
   240.958055009595     
   189.392650193021     
   463.341459156843     
   464.109972402179     
   174.270674726989     
   307.650866790303     
   165.817556389869     
   285.035311155540     
   168.467813393223     
   327.277979013898     
   410.801356083423     
   178.800537062296     
   280.468291450754     
   410.801356083423     
   170.810407384124     
   221.743207722589     
   180.487830432771     
   224.213876464567     
   186.001740746769     
   237.462578249212     
   237.462578249212     
   225.662389651615     
   271.457739169958     
   275.813032322230     
   167.335687341958     
   209.454318733406     
   275.813032322230     
   169.994025236045     
   224.213876464567     
   234.711946438060     
   237.462578249212     
   229.924024410900     
   237.291264432770     
   189.926211115802     
   185.766911176142     
   170.418435164859     
   167.410410478789     
   166.574292947810     
   229.924024410900     
   190.854278666067     
   166.434652933052     
   179.079998290675     
   448.357073659849     
   174.255578728694     
   219.447531084881     
   169.060554536516     
   182.213492598183     
   182.204702852563     
   221.986373861813     
   182.213492598183     
   168.847827056086     
   410.801356083423     
   285.035311155540     
   315.807378282778     
   166.574292947810     
   315.807378282778     
   237.462578249212     
   168.410087447773     
   338.455620831376     
   321.342024751813     
   229.924024410900     
   167.583968566377     
   321.342024751813     
   189.392650193021     
   167.237248484854     
   166.690537755574     
   223.054769864439     
   165.845440127038     
   171.540464809189     
   165.803760756111     
   190.744393290789     
   166.574292947810     
   242.037036672657     
   244.482481716573     
   285.164856069050     
   410.801356083423     
   170.418435164859     
   185.335984687154     
   410.801356083423     
   348.548551000159     
   239.793590884350     
   172.309534938835     
   180.487830432771     
   242.556850235094     
   192.313830791449     
   239.793590884350     
   170.418435164859     
   237.462578249212     
   190.304278564004     
   321.342024751813     
   426.969982288700     
   188.552474051980     
   216.483195196250     
   172.190770332861     
   213.323416283406     
   166.222141014098     
   234.711946438060     
   237.462578249212     
   292.798771254332     
   175.742361072509     
   169.869039720897     
   397.153723844761     
   403.425951418652     
   288.757963848350     
   403.425951418652     
   343.982660393804     
   333.757032176517     
   180.487830432771     
   410.801356083423     
   428.740872483444     
   169.035412101202     
   307.650866790303     
   234.376714283558     
   354.280844506640     
   188.372582373333     
   219.447531084881     
   173.084475306300     
   442.253560546083     
   436.705522177229     
   243.443191491636     
   436.705522177229     
   343.982660393804     
   307.650866790303     
   353.113931936550     
   329.808664845712     
   403.425951418652     
   212.381862803819     
   410.801356083423     
   185.708264985451     
   432.247864877009     
   307.650866790303     
   229.924024410900     
   321.342024751813     
   403.425951418652     
   180.487830432771     
   403.425951418652     
   189.392650193021     
   171.117091109951     
   165.845440127038     
   243.443191491636     
   280.468291450754     
   339.775162528522     
   397.153723844761     
   168.580487596026     
   403.425951418652     
   172.975729349743     
   397.153723844761     
   307.650866790303     
   321.342024751813     
   301.175524807619     
   170.810407384124     
   271.457739169958     
   168.847827056086     
   315.807378282778     
   293.122114565920     
   186.384146432159     
   333.757032176517     
   296.734092467447     
   192.769070060434     
   167.335687341958     
   307.650866790303     
   218.869185211856     
   234.711946438060     
   167.660494656496     
   232.314925223642     
   220.827369503344     
   397.153723844761     
   397.153723844761     
   397.153723844761     
   169.035412101202     
   293.122114565920     
   232.314925223642     
   403.425951418652     
   311.079296473798     
   172.728532919205     
   397.153723844761     
   315.807378282778     
   228.734177000963     
   179.570348542230     
   242.556850235094     
   305.981741139146     
   187.627774176331     
   174.158058652844     
   403.425951418652     
   179.079998290675     
   333.757032176517     
   397.153723844761     
   170.810407384124     
   168.467813393223     
   410.801356083423     
   197.318861923680     
   229.924024410900     
   167.430841111498     
   410.801356083423     
   392.400311408697     
   179.079998290675     
   218.869185211856     
   326.396635511956     
   420.237748885665     
   397.153723844761     
   166.488920485288     
   397.153723844761     
   171.618929795996     
   297.762295149549     
   289.767035836068     
   286.849138374867     
   333.757032176517     
   167.410410478789     
   418.770381354371     
   420.237748885665     
   165.840545966361     
   209.728543082278     
   271.457739169958     
   275.813032322230     
   167.627824413973     
   315.807378282778     
   169.806777557230     
   190.304278564004     
   237.291264432770     
   168.410475410910     
   168.007177243350     
   410.801356083423     
   423.261104379473     
   297.762295149549     
   174.270674726989     
   245.657954095610     
   410.801356083423     
   418.770381354371     
   327.277979013898     
   321.342024751813     
   245.657954095610     
   241.907930582475     
   410.801356083423     
   448.357073659849     
   171.618929795996     
   169.044362796124     
   310.319501578332     
   456.245063874699     
   253.828163946968     
   314.078642813138     
   356.712131879187     
   434.983777584171     
   280.468291450754     
   179.079998290675     
   275.813032322230     
   326.396635511956     
   343.982660393804     
   389.051429074992     
   326.396635511956     
   170.730359621654     
   168.961491683160     
   168.731305135354     
   260.358315887635     
   311.079296473798     
   333.757032176517     
   168.410087447773     
   410.801356083423     
   448.036317567633     
   321.342024751813     
   232.314925223642     
   179.079998290675     
   343.596117274493     
   305.156685604060     
   237.291264432770     
   166.183052054972     
   288.757963848350     
   168.467813393223     
   304.932969389604     
   177.710550032956     
   403.425951418652     
   186.384146432159     
   167.627824413973     
   403.425951418652     
   271.457739169958     
   275.813032322230     
   186.949188788891     
   179.079998290675     
   172.975729349743     
   240.128417209179     
   168.007177243350     
   171.540464809189     
   434.983777584171     
   182.213492598183     
   314.078642813138     
   327.277979013898     
   182.213492598183     
   418.770381354371     
   170.913853445053     
   189.682424736964     
   186.847414553163     
   445.856915704353     
   403.425951418652     
   403.425951418652     
   436.705522177229     
   307.650866790303     
   410.801356083423     
   410.801356083423     
   213.589796674879     
   167.825451290330     
   171.540464809189     
   171.117091109951     
   169.218435779647     
   418.770381354371     
   307.650866790303     
   410.801356083423     
   403.425951418652     
   410.801356083423     
   410.801356083423     
   436.705522177229     
   397.153723844761     
   168.580487596026     
   321.342024751813     
   234.711946438060     
   226.979055413032     
   166.434652933052     
   410.801356083423     
   167.335687341958     
   168.467813393223     
   166.301147174373     
   169.044362796124     
   288.757963848350     
   243.443191491636     
   321.342024751813     
   179.570348542230     
   168.410087447773     
   410.801356083423     
   170.810407384124     
   170.913853445053     
   169.044362796124     
   240.353181827786     
   182.213492598183     
   176.872987045386     
   418.770381354371     
   166.183052054972     
   186.384146432159     
   239.793590884350     
   237.462578249212     
   288.757963848350     
   275.813032322230     
   321.342024751813     
   226.979055413032     
   168.410087447773     
   410.801356083423     
   235.277448436543     
   166.456368913392     
   188.987102746461     
   185.766911176142     
   293.122114565920     
   229.924024410900     
   167.410410478789     
   165.824247470137     
   166.706380788406     
   243.443191491636     
   224.213876464567     
   244.482481716573     
   234.711946438060     
   174.559913694522     
   237.462578249212     
   172.975729349743     
   244.482481716573     
   237.462578249212     
   168.007177243350     
   182.404249242605     
   239.793590884350     
   167.764433956908     
   166.706380788406     
   169.044362796124     
   403.425951418652     
   275.813032322230     
   167.627824413973     
   237.462578249212     
   234.711946438060     
   169.806777557230     
   234.711946438060     
   166.183052054972     
   186.384146432159     
   280.468291450754     
   190.854278666067     
   171.131767453744     
   226.979055413032     
   166.183052054972     
   165.862451413637     
   170.501604372954     
   166.222141014098     
   229.924024410900     
   168.007177243350     
   239.793590884350     
   237.462578249212     
   239.793590884350     
   166.642159608231     
   242.037036672657     
   170.096699194851     
   174.061583024124     
   172.975729349743     
   434.983777584171     
   275.813032322230     
   293.122114565920     
   190.854278666067     
   226.745040085797     
   213.323416283406     
   307.650866790303     
   242.037036672657     
   171.540464809189     
   182.213492598183     
   187.627774176331     
   403.425951418652     
   397.153723844761     
   315.807378282778     
   410.801356083423     
   271.457739169958     
   186.384146432159     
   186.536459224185     
   197.318861923680     
   293.122114565920     
   301.175524807619     
   170.913853445053     
   280.468291450754     
   214.700798032998     
   296.734092467447     
   174.255578728694     
   168.812029290571     
   180.487830432771     
   199.140637793342     
   441.913576037366     
   179.284459998684     
   224.213876464567     
   224.213876464567     
   232.314925223642     
   186.001740746769     
   237.462578249212     
   221.841186509355     
   189.926211115802     
   237.462578249212     
   235.277448436543     
   166.183052054972     
   166.162865144536     
   192.070642920528     
   232.314925223642     
   186.001740746769     
   186.384146432159     
   189.926211115802     
   403.425951418652     
   426.969982288700     
   226.979055413032     
   165.814254098728     
   235.277448436543     
   235.277448436543     
   168.007177243350     
   190.304278564004     
   190.304278564004     
   237.462578249212     
   226.745040085797     
   242.494000010473     
   289.767035836068     
   166.434652933052     
   172.024367913756     
   168.007177243350     
   242.556850235094     
   327.277979013898     
   418.770381354371     
   186.384146432159     
   166.162865144536     
   169.994025236045     
   239.793590884350     
   237.291264432770     
   166.434652933052     
   403.425951418652     
   165.803760756111     
   166.222141014098     
   186.949188788891     
   230.166508933049     
   186.001740746769     
   230.166508933049     
   230.166508933049     
   166.310809418737     
   192.313830791449     
   403.425951418652     
   226.979055413032     
   267.729433314221     
   186.384146432159     
   234.711946438060     
   275.813032322230     
   242.556850235094     
   166.488920485288     
   167.627824413973     
   192.369329006515     
   234.711946438060     
   194.645132907976     
   232.314925223642     
   234.711946438060     
   224.213876464567     
   224.213876464567     
   188.024095610347     
   226.979055413032     
   166.986875531203     
   190.854278666067     
   166.162865144536     
   214.700798032998     
   271.457739169958     
   168.007177243350     
   240.128417209179     
   165.849085820051     
   167.825451290330     
   173.431682859207     
   166.622047588630     
   185.766911176142     
   397.153723844761     
   186.384146432159     
   232.314925223642     
   221.841186509355     
   234.711946438060     
   221.841186509355     
   239.793590884350     
   232.874872592502     
   224.213876464567     
   226.979055413032     
   237.462578249212     
   190.854278666067     
   170.501604372954     
   224.213876464567     
   167.627824413973     
   169.374981172024     
   242.556850235094     
   167.764433956908     
   239.793590884350     
   186.949188788891     
   190.854278666067     
   229.924024410900     
   226.979055413032     
   186.384146432159     
   166.162865144536     
   189.926211115802     
   226.979055413032     
   237.462578249212     
   186.384146432159     
   239.793590884350     
   192.369329006515     
   172.599647523013     
   307.650866790303     
   440.187255456801     
   167.465271159021     
   169.109582301818     
   171.736809107580     
   239.793590884350     
   168.961491683160     
   166.574292947810     
   169.994025236045     
   237.462578249212     
   226.979055413032     
   167.627824413973     
   168.961491683160     
   237.291264432770     
   192.369329006515     
   166.350318926516     
   168.961491683160     
   186.001740746769     
   280.468291450754     
   275.813032322230     
   182.213492598183     
   221.841186509355     
   230.166508933049     
   165.824247470137     
   186.384146432159     
   234.711946438060     
   166.574292947810     
   168.625023344621     
   213.323416283406     
   237.462578249212     
   168.007177243350     
   234.711946438060     
   232.874872592502     
   224.213876464567     
   232.314925223642     
   166.350318926516     
   226.979055413032     
   226.979055413032     
   168.625023344621     
   171.283470677491     
   168.961491683160     
   235.277448436543     
   267.729433314221     
   226.979055413032     
   186.384146432159     
   315.807378282778     
   221.841186509355     
   224.213876464567     
   165.825360600096     
   174.478345878897     
   315.807378282778     
   167.335687341958     
   271.457739169958     
   410.801356083423     
   169.044362796124     
   315.807378282778     
   172.581143563280     
   456.830252853449     
   410.801356083423     
   327.277979013898     
   186.384146432159     
   166.986875531203     
   234.711946438060     
   237.291264432770     
   171.117091109951     
   264.885320375596     
   226.979055413032     
   166.488920485288     
   234.711946438060     
   230.166508933049     
   170.063775234645     
   271.457739169958     
   170.810407384124     
   229.924024410900     
   167.297263440793     
   166.183052054972     
   168.467813393223     
   167.627824413973     
   271.457739169958     
   285.035311155540     
   418.770381354371     
   234.711946438060     
   186.001740746769     
   168.007177243350     
   230.166508933049     
   192.313830791449     
   232.314925223642     
   218.733439543692     
   220.026231890783     
   218.733439543692     
   230.594877770341     
   166.147098521051     
   189.926211115802     
   221.841186509355     
   186.949188788891     
   232.314925223642     
   235.277448436543     
   189.926211115802     
   186.384146432159     
   185.766911176142     
   403.425951418652     
   214.700798032998     
   275.813032322230     
   296.734092467447     
   166.350318926516     
   166.434652933052     
   275.813032322230     
   214.700798032998     
   167.764433956908     
   167.335687341958     
   186.384146432159     
   280.468291450754     
   226.979055413032     
   186.384146432159     
   171.014450739972     
   234.711946438060     
   418.770381354371     
   170.913853445053     
   180.487830432771     
   182.213492598183     
   199.009927367219     
   327.277979013898     
   314.078642813138     
   240.353181827786     
   229.924024410900     
   232.314925223642     
   186.384146432159     
   165.807219113610     
   186.949188788891     
   242.556850235094     
   166.434652933052     
   166.222141014098     
   235.277448436543     
   169.994025236045     
   167.764433956908     
   192.769070060434     
   169.374981172024     
   182.404249242605     
   171.133060359246     
   321.342024751813     
   243.443191491636     
   171.014450739972     
   165.814254098728     
   239.793590884350     
   214.700798032998     
   321.342024751813     
   300.113727681959     
   209.728543082278     
   186.949188788891     
   232.314925223642     
   264.885320375596     
   327.277979013898     
   246.938170589060     
   166.574292947810     
   170.501604372954     
   418.770381354371     
   397.153723844761     
   168.964595981079     
   168.467813393223     
   419.088162206280     
   238.545015171810     
   179.570348542230     
   331.541943335256     
   285.035311155540     
   179.570348542230     
   271.457739169958     
   170.755140379081     
   315.807378282778     
   190.854278666067     
   237.462578249212     
   186.384146432159     
   224.213876464567     
   226.979055413032     
   186.001740746769     
   168.961491683160     
   234.711946438060     
   168.410475410910     
   165.803760756111     
   226.979055413032     
   237.462578249212     
   167.627824413973     
   170.418435164859     
   166.350318926516     
   166.222141014098     
   191.599804188440     
   239.793590884350     
   235.277448436543     
   166.222141014098     
   232.874872592502     
   228.504427951141     
   228.504427951141     
   228.734177000963     
   235.277448436543     
   170.913853445053     
   235.277448436543     
   403.425951418652     
   397.153723844761     
   169.806777557230     
   220.026231890783     
   289.767035836068     
   418.770381354371     
   397.153723844761     
   403.425951418652     
   192.769070060434     
   307.650866790303     
   403.425951418652     
   442.253560546083     
   310.319501578332     
   403.425951418652     
   180.487830432771     
   349.956817554028     
   428.740872483444     
   185.200938143422     
   410.801356083423     
   397.153723844761     
   410.801356083423     
   397.153723844761     
   170.810407384124     
   170.913853445053     
   418.770381354371     
   180.487830432771     
   170.913853445053     
   403.425951418652     
   186.384146432159     
   234.711946438060     
   410.801356083423     
   428.740872483444     
   436.705522177229     
   403.425951418652     
   169.109582301818     
   170.810407384124     
   428.740872483444     
   441.913576037366     
   403.425951418652     
   397.153723844761     
   397.153723844761     
   169.035412101202     
   305.156685604060     
   403.425951418652     
   293.122114565920     
   179.570348542230     
   423.261104379473     
   410.801356083423     
   179.570348542230     
   176.872987045386     
   403.425951418652     
   410.801356083423     
   333.757032176517     
   418.770381354371     
   169.035412101202     
   173.431682859207     
   182.213492598183     
   175.742361072509     
   293.122114565920     
   177.710550032956     
   174.007060669484     
   168.964595981079     
   182.380152955441     
   418.770381354371     
   321.342024751813     
   173.431682859207     
   426.969982288700     
   172.599647523013     
   182.213492598183     
   307.650866790303     
   189.926211115802     
   234.711946438060     
   166.574292947810     
   166.769095492214     
   186.949188788891     
   239.793590884350     
   192.313830791449     
   237.462578249212     
   235.277448436543     
   235.277448436543     
   237.462578249212     
   169.994025236045     
   239.793590884350     
   192.313830791449     
   237.462578249212     
   166.183052054972     
   237.462578249212     
   165.834458930869     
   182.045934288400     
   275.813032322230     
   271.457739169958     
   246.938170589060     
   194.645132907976     
   186.949188788891     
   165.883494742116     
   195.743837261539     
   177.710550032956     
   343.982660393804     
   423.261104379473     
   397.153723844761     
   434.983777584171     
   167.627824413973     
   410.801356083423     
   173.567479229653     
   228.167708051521     
   165.824247470137     
   357.949606725898     
   243.443191491636     
   166.769095492214     
   296.734092467447     
   245.043755283361     
   244.482481716573     
   190.744393290789     
   168.007177243350     
   192.769070060434     
   165.807219113610     
   166.350318926516     
   235.277448436543     
   232.314925223642     
   189.926211115802     
   237.291264432770     
   171.014450739972     
   166.660148777875     
   285.035311155540     
   174.007060669484     
   234.711946438060     
   175.742361072509     
   275.813032322230     
   166.222141014098     
   235.277448436543     
   168.625023344621     
   237.462578249212     
   192.070642920528     
   463.341459156843     
   170.755140379081     
   418.770381354371     
   418.770381354371     
   179.570348542230     
   457.968421292763     
   403.425951418652     
   329.591660596073     
   403.425951418652     
   180.487830432771     
   397.153723844761     
   425.846018920815     
   337.429329057422     
   240.958055009595     
   397.153723844761     
   436.705522177229     
   410.801356083423     
   166.659914508850     
   389.051429074992     
   445.856915704353     
   354.192235856134     
   436.705522177229     
   194.348336716110     
   171.528107741526     
   354.280844506640     
   392.400311408697     
   293.122114565920     
   166.647700621357     
   174.255578728694     
   170.755140379081     
   456.245063874699     
   460.979792940964     
   314.078642813138     
   450.424779368245     
   419.088162206280     
   457.968421292763     
   172.600891090652     
   442.253560546083     
   392.400311408697     
   397.153723844761     
   432.247864877009     
   432.664796933062     
   169.146371375437     
   179.079998290675     
   179.570348542230     
   397.153723844761     
   169.242114977303     
   434.983777584171     
   174.158058652844     
   180.487830432771     
   403.425951418652     
   397.153723844761     
   274.936845664273     
   448.357073659849     
   200.905730582391     
   175.673376229748     
   449.934322934470     
   170.913853445053     
   179.570348542230     
   410.801356083423     
   195.214455951288     
   410.801356083423     
   197.318861923680     
   410.801356083423     
   296.734092467447     
   179.570348542230     
   189.392650193021     
   179.570348542230     
   321.342024751813     
   423.261104379473     
   403.425951418652     
   232.314925223642     
   170.755140379081     
   410.801356083423     
   180.487830432771     
   448.357073659849     
   186.712724831565     
   170.810407384124     
   333.757032176517     
   177.710550032956     
   343.596117274493     
   176.328809683522     
   173.321258638436     
   168.580487596026     
   275.813032322230     
   167.764433956908     
   418.770381354371     
   339.775162528522     
   403.425951418652     
   226.979055413032     
   186.001740746769     
   237.462578249212     
   234.711946438060     
   171.117091109951     
   426.969982288700     
   169.030364056009     
   174.270674726989     
   186.150635109999     
   174.061583024124     
   166.690537755574     
   170.755140379081     
   178.475847482504     
   245.657954095610     
   248.489899068717     
   171.893309115058     
   186.949188788891     
   321.342024751813     
   292.798771254332     
   173.082349648418     
   173.523984485279     
   235.277448436543     
   241.844988515821     
   432.664796933062     
   167.551312415935     
   307.480668030286     
   428.740872483444     
   418.770381354371     
   189.724322342786     
   180.487830432771     
   180.487830432771     
   348.548551000159     
   166.162865144536     
   315.807378282778     
   189.392650193021     
   226.979055413032     
   168.847827056086     
   232.314925223642     
   168.625023344621     
   442.253560546083     
   410.801356083423     
   237.462578249212     
   237.462578249212     
   234.711946438060     
   171.117091109951     
   242.556850235094     
   166.574292947810     
   167.627824413973     
   224.213876464567     
   229.924024410900     
   166.183052054972     
   226.979055413032     
   237.462578249212     
   167.764433956908     
   167.627824413973     
   228.504427951141     
   224.213876464567     
   233.483589570993     
   232.314925223642     
   166.310809418737     
   224.213876464567     
   234.711946438060     
   237.462578249212     
   189.724322342786     
   226.979055413032     
   238.902689789041     
   224.213876464567     
   168.961491683160     
   168.961491683160     
   172.024367913756     
   226.979055413032     
   165.824247470137     
   167.627824413973     
   237.462578249212     
   192.070642920528     
   237.291264432770     
   167.318440313606     
   232.314925223642     
   275.813032322230     
   190.854278666067     
   239.793590884350     
   177.710550032956     
   315.807378282778     
   418.770381354371     
   211.802528978541     
   397.153723844761     
   410.801356083423     
   410.801356083423     
   179.570348542230     
   307.650866790303     
   198.460910290487     
   249.227050544454     
   195.654198399658     
   418.770381354371     
   170.755140379081     
   184.549092233892     
   166.488920485288     
   410.801356083423     
   240.353181827786     
   172.353489516110     
   271.457739169958     
   173.523984485279     
   403.425951418652     
   179.079998290675     
   226.979055413032     
   187.627774176331     
   169.030364056009     
   172.975729349743     
   233.483589570993     
   230.166508933049     
   167.002891044120     
   428.740872483444     
   244.482481716573     
   410.801356083423     
   410.801356083423     
   403.425951418652     
