      5.285378059562      0.220169338841     13.492446522375   1134.312075647949
      5.660059361282      0.301379885853   1192.312955412019
      5.784371033874      0.230934864519   1144.834858489512
      5.505034188770      0.230333489099   1149.796574492731
      4.454398070551      0.154842683858   1115.239343317302
      5.436597181121      0.217423109734   1158.839153252204
      4.797410934337      0.163837609616   1146.106688363585
      5.378093591314      0.172672427012   1091.416050720892
      4.580026533758      0.178982006667   1111.794853863553
      5.894679581151      0.258727089258   1093.993621045132
      5.639223041146      0.236566556292   1121.613115409619
      6.124213524019      0.213136503868   1146.705551153342
      5.332553926092      0.224919447905   1147.697593457557
      4.974535022364      0.243601482095   1105.198198332593
      5.787129791107      0.215575603219   1192.460657983301
      5.857778735009      0.354553909940   1113.010483611374
      5.532384182440      0.219083729415   1187.440450663470
      4.854247044412      0.241091427956   1161.892396051472
      5.551487678560      0.171104289548   1076.564057329028
      4.388342666580      0.141386922662   1108.541401788824
      5.975227234047      0.229592890033   1134.198873211099
      4.349886527619      0.182804509886   1236.688212734310
      5.969010118820      0.265562450504   1026.713671343819
      6.846579779670      0.346806943395   1147.876334839703
      4.443423764250      0.152648778790   1141.703852978210
      4.399243043336      0.056867531678   1044.823224422764
      5.693370625913      0.292359777221   1091.104650301629
      5.275547309191      0.215953966588   1146.532525317293
      5.437718550667      0.268873011174   1146.480253146023
