     0.000   1     0.177     1.215     1.896
     1.000   1     0.168     1.237     1.883
     2.000   1     0.158     1.256     1.864
     3.000   1     0.148     1.278     1.847
     4.000   1     0.137     1.293     1.823
     5.000   1     0.128     1.307     1.800
     6.000   1     0.120     1.319     1.782
     7.000   1     0.111     1.328     1.757
     8.000   1     0.103     1.337     1.734
     9.000   1     0.094     1.344     1.705
    10.000   1     0.086     1.348     1.680
    11.000   1     0.079     1.355     1.657
    12.000   1     0.073     1.356     1.636
    13.000   1     0.066     1.358     1.611
    14.000   1     0.060     1.359     1.588
    15.000   1     0.054     1.362     1.569
    16.000   1     0.049     1.359     1.549
    17.000   1     0.043     1.362     1.527
    18.000   1     0.038     1.361     1.507
    19.000   1     0.035     1.360     1.494
    20.000   1     0.030     1.359     1.476
    21.000   1     0.027     1.357     1.463
    22.000   1     0.024     1.356     1.446
    23.000   1     0.021     1.355     1.436
    24.000   1     0.019     1.352     1.425
    25.000   1     0.017     1.351     1.415
    26.000   1     0.015     1.350     1.407
    27.000   1     0.014     1.349     1.402
    28.000   1     0.011     1.347     1.389
    29.000   1     0.010     1.346     1.386
    30.000   1     0.009     1.345     1.381
    31.000   1     0.007     1.343     1.372
    32.000   1     0.008     1.342     1.372
    33.000   1     0.006     1.341     1.365
    34.000   1     0.006     1.340     1.362
    35.000   1     0.005     1.340     1.360
    36.000   1     0.005     1.338     1.356
    37.000   1     0.004     1.338     1.353
    38.000   1     0.004     1.336     1.351
    39.000   1     0.003     1.336     1.348
    40.000   1     0.003     1.335     1.346
    41.000   1     0.003     1.334     1.345
    42.000   1     0.002     1.334     1.343
    43.000   1     0.002     1.333     1.341
    44.000   1     0.002     1.333     1.340
    45.000   1     0.002     1.333     1.339
    46.000   1     0.001     1.332     1.337
    47.000   1     0.001     1.332     1.336
    48.000   1     0.001     1.332     1.336
    49.000   1     0.001     1.331     1.335
     0.000   2     0.384     2.172     3.363
     1.000   2     0.364     2.210     3.337
     2.000   2     0.347     2.240     3.315
     3.000   2     0.328     2.261     3.278
     4.000   2     0.315     2.283     3.260
     5.000   2     0.296     2.302     3.218
     6.000   2     0.279     2.316     3.182
     7.000   2     0.263     2.328     3.142
     8.000   2     0.244     2.340     3.095
     9.000   2     0.228     2.348     3.054
    10.000   2     0.215     2.352     3.019
    11.000   2     0.198     2.348     2.961
    12.000   2     0.184     2.353     2.923
    13.000   2     0.169     2.355     2.878
    14.000   2     0.156     2.356     2.839
    15.000   2     0.145     2.351     2.801
    16.000   2     0.127     2.347     2.740
    17.000   2     0.120     2.346     2.719
    18.000   2     0.107     2.340     2.671
    19.000   2     0.100     2.335     2.646
    20.000   2     0.082     2.331     2.584
    21.000   2     0.083     2.326     2.583
    22.000   2     0.071     2.321     2.541
    23.000   2     0.062     2.317     2.510
    24.000   2     0.057     2.312     2.489
    25.000   2     0.049     2.306     2.459
    26.000   2     0.046     2.302     2.445
    27.000   2     0.040     2.298     2.422
    28.000   2     0.036     2.296     2.408
    29.000   2     0.030     2.287     2.379
    30.000   2     0.032     2.288     2.387
    31.000   2     0.024     2.281     2.356
    32.000   2     0.024     2.278     2.351
    33.000   2     0.020     2.277     2.339
    34.000   2     0.018     2.274     2.330
    35.000   2     0.018     2.271     2.326
    36.000   2     0.014     2.268     2.313
    37.000   2     0.012     2.266     2.303
    38.000   2     0.012     2.264     2.301
    39.000   2     0.011     2.261     2.294
    40.000   2     0.009     2.259     2.288
    41.000   2     0.007     2.257     2.278
    42.000   2     0.008     2.257     2.280
    43.000   2     0.006     2.254     2.272
    44.000   2     0.006     2.253     2.270
    45.000   2     0.005     2.252     2.266
    46.000   2     0.004     2.251     2.263
    47.000   2     0.003     2.250     2.259
    48.000   2     0.003     2.249     2.256
    49.000   2     0.003     2.247     2.256
     0.000   3     0.210     1.257     1.968
     1.000   3     0.200     1.281     1.959
     2.000   3     0.187     1.302     1.936
     3.000   3     0.175     1.323     1.916
     4.000   3     0.166     1.336     1.898
     5.000   3     0.156     1.350     1.877
     6.000   3     0.145     1.359     1.851
     7.000   3     0.134     1.371     1.824
     8.000   3     0.123     1.381     1.797
     9.000   3     0.112     1.386     1.766
    10.000   3     0.104     1.389     1.741
    11.000   3     0.095     1.393     1.716
    12.000   3     0.088     1.397     1.694
    13.000   3     0.080     1.397     1.668
    14.000   3     0.073     1.398     1.646
    15.000   3     0.064     1.397     1.615
    16.000   3     0.058     1.399     1.595
    17.000   3     0.052     1.398     1.575
    18.000   3     0.045     1.395     1.549
    19.000   3     0.042     1.394     1.537
    20.000   3     0.038     1.392     1.520
    21.000   3     0.033     1.390     1.502
    22.000   3     0.029     1.389     1.489
    23.000   3     0.026     1.387     1.476
    24.000   3     0.022     1.385     1.459
    25.000   3     0.020     1.382     1.449
    26.000   3     0.018     1.381     1.444
    27.000   3     0.015     1.379     1.429
    28.000   3     0.014     1.378     1.426
    29.000   3     0.011     1.375     1.413
    30.000   3     0.011     1.375     1.412
    31.000   3     0.010     1.374     1.409
    32.000   3     0.010     1.372     1.405
    33.000   3     0.008     1.371     1.397
    34.000   3     0.008     1.369     1.395
    35.000   3     0.006     1.369     1.389
    36.000   3     0.006     1.366     1.387
    37.000   3     0.005     1.367     1.384
    38.000   3     0.004     1.365     1.379
    39.000   3     0.004     1.364     1.376
    40.000   3     0.003     1.363     1.374
    41.000   3     0.003     1.363     1.372
    42.000   3     0.003     1.362     1.371
    43.000   3     0.002     1.362     1.369
    44.000   3     0.002     1.361     1.367
    45.000   3     0.002     1.361     1.366
    46.000   3     0.001     1.360     1.365
    47.000   3     0.002     1.360     1.365
    48.000   3     0.001     1.359     1.363
    49.000   3     0.001     1.359     1.362
     0.000   4     0.270     2.145     3.258
     1.000   4     0.258     2.186     3.248
     2.000   4     0.241     2.227     3.219
     3.000   4     0.230     2.250     3.198
     4.000   4     0.213     2.281     3.159
     5.000   4     0.200     2.305     3.126
     6.000   4     0.187     2.326     3.095
     7.000   4     0.172     2.345     3.053
     8.000   4     0.157     2.362     3.010
     9.000   4     0.149     2.370     2.982
    10.000   4     0.134     2.385     2.936
    11.000   4     0.122     2.391     2.890
    12.000   4     0.110     2.397     2.849
    13.000   4     0.101     2.399     2.814
    14.000   4     0.094     2.400     2.788
    15.000   4     0.082     2.406     2.742
    16.000   4     0.072     2.409     2.705
    17.000   4     0.066     2.407     2.680
    18.000   4     0.059     2.404     2.646
    19.000   4     0.053     2.402     2.618
    20.000   4     0.047     2.405     2.598
    21.000   4     0.041     2.399     2.569
    22.000   4     0.036     2.398     2.547
    23.000   4     0.033     2.393     2.527
    24.000   4     0.027     2.394     2.505
    25.000   4     0.025     2.390     2.495
    26.000   4     0.022     2.389     2.480
    27.000   4     0.020     2.386     2.468
    28.000   4     0.018     2.384     2.459
    29.000   4     0.016     2.383     2.447
    30.000   4     0.014     2.379     2.435
    31.000   4     0.012     2.377     2.427
    32.000   4     0.012     2.375     2.424
    33.000   4     0.010     2.375     2.414
    34.000   4     0.009     2.373     2.410
    35.000   4     0.008     2.371     2.403
    36.000   4     0.007     2.370     2.400
    37.000   4     0.006     2.368     2.394
    38.000   4     0.006     2.368     2.392
    39.000   4     0.005     2.366     2.384
    40.000   4     0.004     2.364     2.382
    41.000   4     0.004     2.364     2.379
    42.000   4     0.003     2.363     2.376
    43.000   4     0.002     2.362     2.372
    44.000   4     0.002     2.362     2.370
    45.000   4     0.002     2.360     2.369
    46.000   4     0.002     2.360     2.367
    47.000   4     0.001     2.359     2.365
    48.000   4     0.001     2.359     2.365
    49.000   4     0.001     2.359     2.364
     0.000   5     0.329     1.609     2.481
     1.000   5     0.315     1.638     2.471
     2.000   5     0.299     1.655     2.447
     3.000   5     0.284     1.673     2.426
     4.000   5     0.266     1.687     2.392
     5.000   5     0.252     1.699     2.366
     6.000   5     0.237     1.709     2.337
     7.000   5     0.226     1.714     2.313
     8.000   5     0.208     1.719     2.270
     9.000   5     0.194     1.726     2.241
    10.000   5     0.182     1.725     2.207
    11.000   5     0.167     1.725     2.168
    12.000   5     0.155     1.724     2.134
    13.000   5     0.141     1.723     2.096
    14.000   5     0.134     1.720     2.074
    15.000   5     0.119     1.715     2.031
    16.000   5     0.104     1.707     1.984
    17.000   5     0.097     1.706     1.962
    18.000   5     0.088     1.701     1.934
    19.000   5     0.074     1.696     1.892
    20.000   5     0.070     1.691     1.876
    21.000   5     0.061     1.685     1.846
    22.000   5     0.054     1.680     1.824
    23.000   5     0.047     1.673     1.798
    24.000   5     0.045     1.671     1.791
    25.000   5     0.037     1.666     1.765
    26.000   5     0.036     1.664     1.759
    27.000   5     0.029     1.655     1.733
    28.000   5     0.027     1.655     1.727
    29.000   5     0.023     1.649     1.711
    30.000   5     0.021     1.647     1.703
    31.000   5     0.018     1.645     1.693
    32.000   5     0.016     1.643     1.686
    33.000   5     0.016     1.641     1.683
    34.000   5     0.014     1.638     1.676
    35.000   5     0.012     1.636     1.669
    36.000   5     0.011     1.634     1.663
    37.000   5     0.009     1.631     1.655
    38.000   5     0.008     1.630     1.651
    39.000   5     0.007     1.629     1.648
    40.000   5     0.006     1.627     1.642
    41.000   5     0.006     1.626     1.642
    42.000   5     0.005     1.625     1.638
    43.000   5     0.005     1.624     1.637
    44.000   5     0.003     1.623     1.632
    45.000   5     0.003     1.622     1.630
    46.000   5     0.002     1.621     1.628
    47.000   5     0.003     1.621     1.628
    48.000   5     0.002     1.620     1.625
    49.000   5     0.002     1.619     1.624
     0.000   6     0.230     2.721     4.180
     1.000   6     0.214     2.795     4.152
     2.000   6     0.200     2.850     4.121
     3.000   6     0.188     2.899     4.096
     4.000   6     0.169     2.959     4.036
     5.000   6     0.157     2.997     3.994
     6.000   6     0.142     3.038     3.940
     7.000   6     0.134     3.065     3.914
     8.000   6     0.120     3.102     3.862
     9.000   6     0.111     3.122     3.825
    10.000   6     0.097     3.150     3.768
    11.000   6     0.089     3.160     3.726
    12.000   6     0.081     3.175     3.691
    13.000   6     0.070     3.195     3.641
    14.000   6     0.063     3.200     3.598
    15.000   6     0.057     3.212     3.572
    16.000   6     0.049     3.220     3.531
    17.000   6     0.044     3.222     3.498
    18.000   6     0.038     3.229     3.469
    19.000   6     0.031     3.234     3.434
    20.000   6     0.028     3.230     3.411
    21.000   6     0.025     3.233     3.389
    22.000   6     0.023     3.231     3.379
    23.000   6     0.020     3.233     3.358
    24.000   6     0.017     3.231     3.340
    25.000   6     0.016     3.228     3.333
    26.000   6     0.012     3.233     3.312
    27.000   6     0.011     3.234     3.306
    28.000   6     0.010     3.231     3.297
    29.000   6     0.008     3.229     3.280
    30.000   6     0.008     3.229     3.281
    31.000   6     0.006     3.231     3.268
    32.000   6     0.006     3.228     3.267
    33.000   6     0.005     3.227     3.260
    34.000   6     0.004     3.227     3.254
    35.000   6     0.004     3.226     3.253
    36.000   6     0.004     3.225     3.250
    37.000   6     0.003     3.224     3.243
