     0.000   1     0.152     2.746     4.152
     1.000   1     0.150     2.777     4.173
     2.000   1     0.138     2.876     4.157
     3.000   1     0.125     2.966     4.129
     4.000   1     0.112     3.048     4.091
     5.000   1     0.100     3.122     4.045
     6.000   1     0.087     3.187     3.992
     7.000   1     0.074     3.245     3.933
     8.000   1     0.062     3.295     3.871
     9.000   1     0.051     3.336     3.811
    10.000   1     0.042     3.368     3.754
    11.000   1     0.033     3.393     3.702
    12.000   1     0.027     3.410     3.657
    13.000   1     0.021     3.423     3.618
    14.000   1     0.017     3.432     3.586
    15.000   1     0.013     3.436     3.560
    16.000   1     0.011     3.439     3.539
    17.000   1     0.009     3.439     3.521
    18.000   1     0.007     3.439     3.507
    19.000   1     0.006     3.438     3.495
    20.000   1     0.005     3.437     3.485
    21.000   1     0.004     3.436     3.476
    22.000   1     0.004     3.434     3.469
    23.000   1     0.003     3.432     3.462
    24.000   1     0.003     3.430     3.457
    25.000   1     0.003     3.428     3.452
    26.000   1     0.002     3.427     3.447
    27.000   1     0.002     3.425     3.443
    28.000   1     0.002     3.424     3.440
    29.000   1     0.002     3.422     3.437
    30.000   1     0.001     3.421     3.434
    31.000   1     0.001     3.419     3.431
    32.000   1     0.001     3.418     3.428
    33.000   1     0.001     3.417     3.426
    34.000   1     0.001     3.416     3.424
    35.000   1     0.001     3.414     3.422
    36.000   1     0.001     3.413     3.420
    37.000   1     0.001     3.412     3.419
    38.000   1     0.001     3.411     3.417
    39.000   1     0.001     3.411     3.416
    40.000   1     0.001     3.410     3.415
    41.000   1     0.000     3.409     3.413
    42.000   1     0.000     3.408     3.412
    43.000   1     0.000     3.407     3.411
    44.000   1     0.000     3.407     3.410
    45.000   1     0.000     3.406     3.409
    46.000   1     0.000     3.405     3.408
    47.000   1     0.000     3.405     3.408
    48.000   1     0.000     3.404     3.407
    49.000   1     0.000     3.404     3.406
     0.000   2     0.324     2.332     3.510
     1.000   2     0.333     2.321     3.529
     2.000   2     0.310     2.392     3.518
     3.000   2     0.287     2.456     3.498
     4.000   2     0.262     2.515     3.468
     5.000   2     0.237     2.570     3.430
     6.000   2     0.210     2.620     3.384
     7.000   2     0.184     2.664     3.332
     8.000   2     0.157     2.704     3.275
     9.000   2     0.132     2.737     3.217
    10.000   2     0.110     2.763     3.161
    11.000   2     0.089     2.785     3.107
    12.000   2     0.070     2.802     3.058
    13.000   2     0.056     2.813     3.017
    14.000   2     0.044     2.821     2.981
    15.000   2     0.036     2.824     2.953
    16.000   2     0.028     2.827     2.929
    17.000   2     0.023     2.827     2.910
    18.000   2     0.019     2.826     2.894
    19.000   2     0.015     2.826     2.881
    20.000   2     0.013     2.824     2.871
    21.000   2     0.011     2.822     2.861
    22.000   2     0.009     2.821     2.854
    23.000   2     0.008     2.819     2.847
    24.000   2     0.007     2.817     2.841
    25.000   2     0.006     2.816     2.837
    26.000   2     0.005     2.814     2.832
    27.000   2     0.004     2.813     2.828
    28.000   2     0.004     2.811     2.825
    29.000   2     0.003     2.810     2.822
    30.000   2     0.003     2.808     2.819
    31.000   2     0.002     2.807     2.816
    32.000   2     0.002     2.806     2.815
    33.000   2     0.002     2.805     2.813
    34.000   2     0.002     2.804     2.811
    35.000   2     0.002     2.803     2.809
    36.000   2     0.001     2.802     2.807
    37.000   2     0.001     2.801     2.806
    38.000   2     0.001     2.800     2.805
    39.000   2     0.001     2.800     2.804
    40.000   2     0.001     2.799     2.803
    41.000   2     0.001     2.798     2.802
    42.000   2     0.001     2.798     2.801
    43.000   2     0.001     2.797     2.800
    44.000   2     0.001     2.797     2.799
    45.000   2     0.001     2.796     2.798
    46.000   2     0.001     2.796     2.797
    47.000   2     0.001     2.795     2.797
    48.000   2     0.000     2.795     2.797
    49.000   2     0.000     2.794     2.796
     0.000   3     0.161     2.633     3.784
     1.000   3     0.167     2.608     3.804
     2.000   3     0.156     2.677     3.790
     3.000   3     0.144     2.739     3.768
     4.000   3     0.132     2.798     3.739
     5.000   3     0.119     2.851     3.703
     6.000   3     0.107     2.899     3.661
     7.000   3     0.094     2.940     3.615
     8.000   3     0.083     2.977     3.568
     9.000   3     0.071     3.009     3.517
    10.000   3     0.061     3.035     3.468
    11.000   3     0.051     3.055     3.422
    12.000   3     0.043     3.071     3.380
    13.000   3     0.036     3.082     3.341
    14.000   3     0.030     3.092     3.306
    15.000   3     0.025     3.098     3.276
    16.000   3     0.021     3.102     3.249
    17.000   3     0.017     3.103     3.227
    18.000   3     0.015     3.103     3.208
    19.000   3     0.013     3.102     3.192
    20.000   3     0.011     3.101     3.178
    21.000   3     0.009     3.100     3.165
    22.000   3     0.008     3.098     3.155
    23.000   3     0.007     3.096     3.145
    24.000   3     0.006     3.094     3.137
    25.000   3     0.005     3.092     3.130
    26.000   3     0.005     3.090     3.123
    27.000   3     0.004     3.087     3.118
    28.000   3     0.004     3.085     3.112
    29.000   3     0.003     3.083     3.108
    30.000   3     0.003     3.081     3.103
    31.000   3     0.003     3.079     3.099
    32.000   3     0.003     3.078     3.096
    33.000   3     0.002     3.076     3.092
    34.000   3     0.002     3.074     3.089
    35.000   3     0.002     3.073     3.086
    36.000   3     0.002     3.071     3.084
    37.000   3     0.002     3.070     3.081
    38.000   3     0.002     3.068     3.079
    39.000   3     0.001     3.067     3.077
    40.000   3     0.001     3.065     3.075
    41.000   3     0.001     3.064     3.073
    42.000   3     0.001     3.063     3.071
    43.000   3     0.001     3.062     3.069
    44.000   3     0.001     3.061     3.068
    45.000   3     0.001     3.060     3.066
    46.000   3     0.001     3.059     3.065
    47.000   3     0.001     3.058     3.063
    48.000   3     0.001     3.057     3.062
    49.000   3     0.001     3.056     3.061
     0.000   4     0.233     2.599     3.795
     1.000   4     0.231     2.624     3.813
     2.000   4     0.213     2.705     3.801
     3.000   4     0.195     2.779     3.779
     4.000   4     0.176     2.846     3.750
     5.000   4     0.156     2.909     3.710
     6.000   4     0.137     2.962     3.667
     7.000   4     0.118     3.009     3.617
     8.000   4     0.100     3.050     3.565
     9.000   4     0.083     3.084     3.513
    10.000   4     0.068     3.111     3.462
    11.000   4     0.055     3.132     3.415
    12.000   4     0.044     3.147     3.374
    13.000   4     0.035     3.157     3.338
    14.000   4     0.028     3.164     3.309
    15.000   4     0.023     3.168     3.284
    16.000   4     0.019     3.169     3.264
    17.000   4     0.015     3.169     3.248
    18.000   4     0.013     3.170     3.234
    19.000   4     0.011     3.168     3.223
    20.000   4     0.009     3.167     3.213
    21.000   4     0.008     3.165     3.205
    22.000   4     0.007     3.163     3.198
    23.000   4     0.006     3.162     3.192
    24.000   4     0.005     3.160     3.186
    25.000   4     0.004     3.158     3.181
    26.000   4     0.004     3.156     3.177
    27.000   4     0.004     3.155     3.173
    28.000   4     0.003     3.153     3.170
    29.000   4     0.003     3.152     3.166
    30.000   4     0.003     3.150     3.163
    31.000   4     0.002     3.149     3.161
    32.000   4     0.002     3.148     3.158
    33.000   4     0.002     3.146     3.156
    34.000   4     0.002     3.145     3.154
    35.000   4     0.002     3.144     3.152
    36.000   4     0.001     3.143     3.150
    37.000   4     0.001     3.142     3.148
    38.000   4     0.001     3.141     3.147
    39.000   4     0.001     3.140     3.146
    40.000   4     0.001     3.139     3.144
    41.000   4     0.001     3.138     3.142
    42.000   4     0.001     3.137     3.141
    43.000   4     0.001     3.137     3.141
    44.000   4     0.001     3.136     3.140
    45.000   4     0.001     3.136     3.139
    46.000   4     0.001     3.135     3.138
    47.000   4     0.001     3.135     3.137
    48.000   4     0.000     3.134     3.136
    49.000   4     0.000     3.133     3.135
     0.000   5     0.233     2.463     3.472
     1.000   5     0.243     2.442     3.491
     2.000   5     0.227     2.501     3.479
     3.000   5     0.211     2.552     3.462
     4.000   5     0.193     2.601     3.437
     5.000   5     0.176     2.644     3.405
     6.000   5     0.158     2.684     3.368
     7.000   5     0.140     2.720     3.325
     8.000   5     0.122     2.752     3.278
     9.000   5     0.105     2.779     3.231
    10.000   5     0.089     2.801     3.185
    11.000   5     0.074     2.819     3.140
    12.000   5     0.062     2.831     3.099
    13.000   5     0.051     2.842     3.061
    14.000   5     0.042     2.848     3.029
    15.000   5     0.035     2.852     3.001
    16.000   5     0.029     2.853     2.978
    17.000   5     0.024     2.854     2.958
    18.000   5     0.020     2.854     2.940
    19.000   5     0.017     2.853     2.926
    20.000   5     0.014     2.851     2.914
    21.000   5     0.012     2.849     2.903
    22.000   5     0.011     2.847     2.893
    23.000   5     0.009     2.845     2.885
    24.000   5     0.008     2.843     2.878
    25.000   5     0.007     2.841     2.872
    26.000   5     0.006     2.839     2.867
    27.000   5     0.006     2.837     2.861
    28.000   5     0.005     2.835     2.857
    29.000   5     0.005     2.833     2.853
    30.000   5     0.004     2.831     2.849
    31.000   5     0.004     2.829     2.845
    32.000   5     0.003     2.828     2.842
    33.000   5     0.003     2.826     2.839
    34.000   5     0.003     2.825     2.837
    35.000   5     0.003     2.823     2.834
    36.000   5     0.002     2.822     2.832
    37.000   5     0.002     2.821     2.830
    38.000   5     0.002     2.819     2.828
    39.000   5     0.002     2.818     2.826
    40.000   5     0.002     2.817     2.824
    41.000   5     0.002     2.816     2.823
    42.000   5     0.001     2.815     2.821
    43.000   5     0.001     2.814     2.820
    44.000   5     0.001     2.813     2.818
    45.000   5     0.001     2.812     2.817
    46.000   5     0.001     2.812     2.816
    47.000   5     0.001     2.810     2.814
    48.000   5     0.001     2.810     2.814
    49.000   5     0.001     2.809     2.813
     0.000   6     0.191     4.434     6.367
     1.000   6     0.183     4.534     6.387
     2.000   6     0.166     4.688     6.364
     3.000   6     0.149     4.826     6.329
     4.000   6     0.132     4.947     6.282
     5.000   6     0.115     5.061     6.225
     6.000   6     0.099     5.159     6.162
     7.000   6     0.085     5.242     6.096
     8.000   6     0.072     5.308     6.031
     9.000   6     0.059     5.365     5.964
    10.000   6     0.049     5.407     5.905
    11.000   6     0.040     5.440     5.847
    12.000   6     0.033     5.463     5.797
    13.000   6     0.027     5.480     5.754
    14.000   6     0.022     5.490     5.716
    15.000   6     0.018     5.499     5.683
    16.000   6     0.015     5.503     5.656
    17.000   6     0.013     5.504     5.633
    18.000   6     0.011     5.504     5.613
    19.000   6     0.009     5.503     5.595
    20.000   6     0.008     5.501     5.581
    21.000   6     0.007     5.499     5.568
    22.000   6     0.006     5.497     5.557
    23.000   6     0.005     5.494     5.547
    24.000   6     0.005     5.492     5.538
    25.000   6     0.004     5.489     5.530
    26.000   6     0.004     5.486     5.523
    27.000   6     0.003     5.484     5.516
    28.000   6     0.003     5.481     5.510
    29.000   6     0.003     5.479     5.505
    30.000   6     0.002     5.476     5.500
    31.000   6     0.002     5.474     5.496
    32.000   6     0.002     5.472     5.491
    33.000   6     0.002     5.470     5.487
    34.000   6     0.002     5.468     5.484
    35.000   6     0.001     5.466     5.480
    36.000   6     0.001     5.464     5.478
    37.000   6     0.001     5.462     5.475
    38.000   6     0.001     5.461     5.472
    39.000   6     0.001     5.459     5.469
    40.000   6     0.001     5.458     5.467
    41.000   6     0.001     5.456     5.465
    42.000   6     0.001     5.455     5.463
    43.000   6     0.001     5.454     5.461
    44.000   6     0.001     5.453     5.459
    45.000   6     0.001     5.451     5.458
    46.000   6     0.001     5.450     5.455
    47.000   6     0.001     5.449     5.455
    48.000   6     0.000     5.448     5.453
    49.000   6     0.000     5.447     5.452
     0.000   7     0.170     3.681     5.060
     1.000   7     0.172     3.685     5.075
     2.000   7     0.158     3.778     5.059
     3.000   7     0.145     3.863     5.035
     4.000   7     0.132     3.939     5.005
     5.000   7     0.118     4.009     4.967
     6.000   7     0.106     4.069     4.925
     7.000   7     0.093     4.124     4.878
     8.000   7     0.082     4.168     4.832
     9.000   7     0.071     4.207     4.784
    10.000   7     0.061     4.240     4.736
    11.000   7     0.053     4.264     4.691
    12.000   7     0.045     4.283     4.650
    13.000   7     0.039     4.298     4.610
    14.000   7     0.033     4.309     4.575
    15.000   7     0.028     4.317     4.543
    16.000   7     0.024     4.322     4.514
    17.000   7     0.020     4.324     4.489
    18.000   7     0.018     4.325     4.467
    19.000   7     0.015     4.324     4.448
    20.000   7     0.013     4.323     4.431
    21.000   7     0.011     4.322     4.415
    22.000   7     0.010     4.319     4.401
    23.000   7     0.009     4.317     4.390
    24.000   7     0.008     4.314     4.379
    25.000   7     0.007     4.311     4.368
    26.000   7     0.006     4.309     4.360
    27.000   7     0.006     4.306     4.352
    28.000   7     0.005     4.303     4.344
    29.000   7     0.005     4.300     4.338
    30.000   7     0.004     4.297     4.332
    31.000   7     0.004     4.295     4.326
    32.000   7     0.004     4.292     4.321
    33.000   7     0.003     4.289     4.316
    34.000   7     0.003     4.287     4.311
    35.000   7     0.003     4.285     4.307
    36.000   7     0.003     4.283     4.303
    37.000   7     0.002     4.281     4.299
    38.000   7     0.002     4.278     4.296
    39.000   7     0.002     4.276     4.293
    40.000   7     0.002     4.275     4.290
    41.000   7     0.002     4.273     4.287
    42.000   7     0.002     4.271     4.284
    43.000   7     0.001     4.269     4.281
    44.000   7     0.001     4.268     4.279
    45.000   7     0.001     4.266     4.277
    46.000   7     0.001     4.265     4.274
    47.000   7     0.001     4.263     4.272
    48.000   7     0.001     4.262     4.270
    49.000   7     0.001     4.261     4.269
     0.000   8     0.287     2.536     3.827
     1.000   8     0.289     2.550     3.848
     2.000   8     0.268     2.632     3.837
     3.000   8     0.246     2.707     3.814
     4.000   8     0.224     2.777     3.782
     5.000   8     0.201     2.839     3.741
     6.000   8     0.177     2.895     3.691
     7.000   8     0.153     2.946     3.635
     8.000   8     0.130     2.991     3.574
     9.000   8     0.108     3.028     3.512
    10.000   8     0.087     3.060     3.450
    11.000   8     0.070     3.083     3.396
    12.000   8     0.055     3.101     3.346
    13.000   8     0.043     3.113     3.306
    14.000   8     0.034     3.120     3.272
    15.000   8     0.027     3.125     3.245
    16.000   8     0.021     3.128     3.222
    17.000   8     0.017     3.128     3.205
    18.000   8     0.014     3.128     3.191
    19.000   8     0.012     3.127     3.179
    20.000   8     0.010     3.126     3.169
    21.000   8     0.008     3.124     3.161
    22.000   8     0.007     3.123     3.154
    23.000   8     0.006     3.121     3.148
    24.000   8     0.005     3.120     3.143
    25.000   8     0.005     3.118     3.138
    26.000   8     0.004     3.116     3.134
    27.000   8     0.004     3.115     3.131
    28.000   8     0.003     3.113     3.128
    29.000   8     0.003     3.112     3.125
    30.000   8     0.003     3.110     3.122
    31.000   8     0.002     3.109     3.120
    32.000   8     0.002     3.108     3.117
    33.000   8     0.002     3.107     3.115
    34.000   8     0.002     3.106     3.113
    35.000   8     0.002     3.105     3.112
    36.000   8     0.001     3.104     3.110
    37.000   8     0.001     3.103     3.109
    38.000   8     0.001     3.102     3.107
    39.000   8     0.001     3.101     3.105
    40.000   8     0.001     3.100     3.104
    41.000   8     0.001     3.100     3.104
    42.000   8     0.001     3.099     3.103
    43.000   8     0.001     3.099     3.102
    44.000   8     0.001     3.098     3.101
    45.000   8     0.001     3.097     3.100
    46.000   8     0.001     3.097     3.099
    47.000   8     0.000     3.096     3.098
    48.000   8     0.000     3.096     3.098
    49.000   8     0.000     3.095     3.097
     0.000   9     0.259     2.386     3.578
     1.000   9     0.264     2.381     3.598
     2.000   9     0.245     2.457     3.585
     3.000   9     0.226     2.522     3.564
     4.000   9     0.207     2.582     3.536
     5.000   9     0.185     2.641     3.495
     6.000   9     0.165     2.692     3.450
     7.000   9     0.143     2.737     3.398
     8.000   9     0.123     2.776     3.342
     9.000   9     0.103     2.811     3.284
    10.000   9     0.085     2.838     3.229
    11.000   9     0.068     2.860     3.176
    12.000   9     0.055     2.875     3.130
    13.000   9     0.044     2.887     3.089
    14.000   9     0.035     2.895     3.054
    15.000   9     0.028     2.900     3.027
    16.000   9     0.022     2.901     3.004
    17.000   9     0.018     2.902     2.985
    18.000   9     0.015     2.902     2.970
    19.000   9     0.012     2.901     2.957
    20.000   9     0.010     2.900     2.947
    21.000   9     0.009     2.898     2.938
    22.000   9     0.007     2.896     2.930
    23.000   9     0.006     2.894     2.924
    24.000   9     0.006     2.892     2.918
    25.000   9     0.005     2.891     2.913
    26.000   9     0.004     2.889     2.909
    27.000   9     0.004     2.887     2.905
    28.000   9     0.003     2.886     2.901
    29.000   9     0.003     2.884     2.898
    30.000   9     0.003     2.883     2.895
    31.000   9     0.002     2.882     2.893
    32.000   9     0.002     2.880     2.890
    33.000   9     0.002     2.879     2.888
    34.000   9     0.002     2.878     2.886
    35.000   9     0.002     2.877     2.884
    36.000   9     0.001     2.876     2.882
    37.000   9     0.001     2.875     2.880
    38.000   9     0.001     2.874     2.880
    39.000   9     0.001     2.873     2.878
    40.000   9     0.001     2.872     2.876
    41.000   9     0.001     2.872     2.876
    42.000   9     0.001     2.871     2.875
    43.000   9     0.001     2.870     2.874
    44.000   9     0.001     2.870     2.873
    45.000   9     0.001     2.869     2.872
    46.000   9     0.001     2.869     2.871
    47.000   9     0.000     2.868     2.870
    48.000   9     0.000     2.868     2.870
    49.000   9     0.000     2.867     2.869
     0.000  10     0.217     2.788     3.980
     1.000  10     0.220     2.788     3.997
     2.000  10     0.203     2.866     3.984
     3.000  10     0.186     2.937     3.962
     4.000  10     0.170     3.001     3.933
     5.000  10     0.152     3.060     3.897
     6.000  10     0.135     3.112     3.855
     7.000  10     0.119     3.156     3.810
     8.000  10     0.102     3.198     3.760
     9.000  10     0.087     3.230     3.711
    10.000  10     0.073     3.258     3.662
    11.000  10     0.061     3.279     3.616
    12.000  10     0.051     3.295     3.575
    13.000  10     0.042     3.306     3.538
    14.000  10     0.035     3.314     3.505
    15.000  10     0.029     3.319     3.478
    16.000  10     0.024     3.323     3.453
    17.000  10     0.020     3.324     3.433
    18.000  10     0.017     3.324     3.416
    19.000  10     0.014     3.323     3.401
    20.000  10     0.012     3.322     3.389
    21.000  10     0.010     3.321     3.378
    22.000  10     0.009     3.319     3.368
    23.000  10     0.008     3.317     3.360
    24.000  10     0.007     3.315     3.353
    25.000  10     0.006     3.313     3.346
    26.000  10     0.005     3.311     3.341
    27.000  10     0.005     3.309     3.335
    28.000  10     0.004     3.307     3.331
    29.000  10     0.004     3.305     3.327
    30.000  10     0.004     3.303     3.323
    31.000  10     0.003     3.301     3.319
    32.000  10     0.003     3.299     3.316
    33.000  10     0.003     3.298     3.313
    34.000  10     0.002     3.296     3.310
    35.000  10     0.002     3.295     3.307
    36.000  10     0.002     3.293     3.305
    37.000  10     0.002     3.292     3.302
    38.000  10     0.002     3.291     3.300
    39.000  10     0.002     3.289     3.298
    40.000  10     0.001     3.288     3.296
    41.000  10     0.001     3.287     3.295
    42.000  10     0.001     3.286     3.293
    43.000  10     0.001     3.285     3.292
    44.000  10     0.001     3.284     3.290
    45.000  10     0.001     3.283     3.289
    46.000  10     0.001     3.282     3.287
    47.000  10     0.001     3.281     3.286
    48.000  10     0.001     3.281     3.285
    49.000  10     0.001     3.280     3.284
     0.000  11     0.138     2.445     3.717
     1.000  11     0.143     2.418     3.737
     2.000  11     0.133     2.495     3.722
     3.000  11     0.123     2.563     3.698
     4.000  11     0.113     2.626     3.665
     5.000  11     0.101     2.686     3.621
     6.000  11     0.090     2.738     3.572
     7.000  11     0.079     2.785     3.517
     8.000  11     0.069     2.827     3.460
     9.000  11     0.058     2.864     3.399
    10.000  11     0.049     2.892     3.343
    11.000  11     0.040     2.915     3.289
    12.000  11     0.033     2.935     3.239
    13.000  11     0.027     2.948     3.195
    14.000  11     0.022     2.957     3.158
    15.000  11     0.018     2.963     3.125
    16.000  11     0.014     2.966     3.099
    17.000  11     0.012     2.968     3.077
    18.000  11     0.010     2.969     3.058
    19.000  11     0.008     2.968     3.042
    20.000  11     0.007     2.967     3.029
    21.000  11     0.006     2.965     3.018
    22.000  11     0.005     2.964     3.009
    23.000  11     0.004     2.962     3.000
    24.000  11     0.004     2.960     2.993
    25.000  11     0.003     2.958     2.987
    26.000  11     0.003     2.956     2.982
    27.000  11     0.002     2.955     2.977
    28.000  11     0.002     2.953     2.973
    29.000  11     0.002     2.951     2.969
    30.000  11     0.002     2.950     2.965
    31.000  11     0.002     2.948     2.962
    32.000  11     0.001     2.947     2.959
    33.000  11     0.001     2.945     2.957
    34.000  11     0.001     2.944     2.955
    35.000  11     0.001     2.943     2.952
    36.000  11     0.001     2.942     2.950
    37.000  11     0.001     2.941     2.949
    38.000  11     0.001     2.940     2.947
    39.000  11     0.001     2.939     2.945
    40.000  11     0.001     2.938     2.944
    41.000  11     0.001     2.937     2.942
    42.000  11     0.001     2.936     2.941
    43.000  11     0.000     2.935     2.940
    44.000  11     0.000     2.935     2.939
    45.000  11     0.000     2.934     2.938
    46.000  11     0.000     2.933     2.937
    47.000  11     0.000     2.933     2.936
    48.000  11     0.000     2.932     2.935
    49.000  11     0.000     2.932     2.934
     0.000  12     0.203     3.952     5.593
     1.000  12     0.196     4.025     5.609
     2.000  12     0.179     4.147     5.592
     3.000  12     0.162     4.260     5.563
     4.000  12     0.144     4.361     5.525
     5.000  12     0.127     4.454     5.477
     6.000  12     0.110     4.534     5.423
     7.000  12     0.095     4.602     5.367
     8.000  12     0.081     4.659     5.309
     9.000  12     0.068     4.705     5.252
    10.000  12     0.056     4.742     5.197
    11.000  12     0.047     4.771     5.146
    12.000  12     0.038     4.791     5.101
    13.000  12     0.032     4.805     5.061
    14.000  12     0.026     4.816     5.025
    15.000  12     0.021     4.822     4.996
    16.000  12     0.018     4.826     4.970
    17.000  12     0.015     4.827     4.948
    18.000  12     0.013     4.827     4.929
    19.000  12     0.011     4.826     4.913
    20.000  12     0.009     4.825     4.900
    21.000  12     0.008     4.823     4.887
    22.000  12     0.007     4.820     4.877
    23.000  12     0.006     4.818     4.868
    24.000  12     0.005     4.816     4.859
    25.000  12     0.005     4.813     4.852
    26.000  12     0.004     4.810     4.845
    27.000  12     0.004     4.808     4.839
    28.000  12     0.003     4.806     4.834
    29.000  12     0.003     4.803     4.828
    30.000  12     0.003     4.801     4.824
    31.000  12     0.003     4.799     4.820
    32.000  12     0.002     4.797     4.816
    33.000  12     0.002     4.795     4.812
    34.000  12     0.002     4.793     4.809
    35.000  12     0.002     4.791     4.806
    36.000  12     0.002     4.790     4.803
    37.000  12     0.001     4.788     4.800
    38.000  12     0.001     4.786     4.797
    39.000  12     0.001     4.785     4.795
    40.000  12     0.001     4.784     4.793
    41.000  12     0.001     4.782     4.791
    42.000  12     0.001     4.781     4.789
    43.000  12     0.001     4.780     4.787
    44.000  12     0.001     4.779     4.785
    45.000  12     0.001     4.778     4.784
    46.000  12     0.001     4.776     4.782
    47.000  12     0.001     4.775     4.781
    48.000  12     0.001     4.775     4.779
    49.000  12     0.001     4.774     4.778
     0.000  13     0.269     2.331     3.593
     1.000  13     0.266     2.367     3.616
     2.000  13     0.246     2.449     3.606
     3.000  13     0.225     2.525     3.582
     4.000  13     0.203     2.596     3.548
     5.000  13     0.180     2.660     3.505
     6.000  13     0.156     2.719     3.452
     7.000  13     0.132     2.772     3.392
     8.000  13     0.109     2.818     3.327
     9.000  13     0.087     2.857     3.264
    10.000  13     0.068     2.886     3.205
    11.000  13     0.051     2.910     3.151
    12.000  13     0.039     2.924     3.109
    13.000  13     0.029     2.935     3.073
    14.000  13     0.022     2.941     3.046
    15.000  13     0.018     2.944     3.026
    16.000  13     0.014     2.945     3.009
    17.000  13     0.011     2.945     2.997
    18.000  13     0.009     2.945     2.987
    19.000  13     0.007     2.944     2.979
    20.000  13     0.006     2.943     2.972
    21.000  13     0.005     2.941     2.966
    22.000  13     0.004     2.940     2.961
    23.000  13     0.004     2.939     2.957
    24.000  13     0.003     2.937     2.953
    25.000  13     0.003     2.936     2.950
    26.000  13     0.003     2.935     2.947
    27.000  13     0.002     2.934     2.944
    28.000  13     0.002     2.933     2.942
    29.000  13     0.002     2.931     2.940
    30.000  13     0.002     2.931     2.938
    31.000  13     0.001     2.930     2.936
    32.000  13     0.001     2.929     2.935
    33.000  13     0.001     2.927     2.933
    34.000  13     0.001     2.927     2.932
    35.000  13     0.001     2.926     2.930
    36.000  13     0.001     2.925     2.929
    37.000  13     0.001     2.925     2.928
    38.000  13     0.001     2.925     2.928
    39.000  13     0.001     2.924     2.926
    40.000  13     0.000     2.923     2.926
    41.000  13     0.000     2.923     2.925
    42.000  13     0.000     2.923     2.925
    43.000  13     0.000     2.922     2.924
    44.000  13     0.000     2.922     2.923
    45.000  13     0.000     2.921     2.923
    46.000  13     0.000     2.921     2.922
    47.000  13     0.000     2.921     2.922
    48.000  13     0.000     2.920     2.921
    49.000  13     0.000     2.920     2.921
     0.000  14     0.186     3.550     5.059
     1.000  14     0.185     3.576     5.076
     2.000  14     0.170     3.682     5.059
     3.000  14     0.154     3.780     5.031
     4.000  14     0.139     3.867     4.995
     5.000  14     0.124     3.947     4.951
     6.000  14     0.109     4.017     4.902
     7.000  14     0.095     4.077     4.849
     8.000  14     0.082     4.130     4.793
     9.000  14     0.070     4.172     4.738
    10.000  14     0.059     4.207     4.684
    11.000  14     0.049     4.234     4.633
    12.000  14     0.041     4.254     4.588
    13.000  14     0.034     4.270     4.546
    14.000  14     0.028     4.281     4.509
    15.000  14     0.024     4.287     4.478
    16.000  14     0.020     4.291     4.451
    17.000  14     0.016     4.294     4.427
    18.000  14     0.014     4.294     4.407
    19.000  14     0.012     4.293     4.390
    20.000  14     0.010     4.292     4.375
    21.000  14     0.009     4.290     4.362
    22.000  14     0.008     4.288     4.350
    23.000  14     0.007     4.286     4.340
    24.000  14     0.006     4.283     4.331
    25.000  14     0.005     4.281     4.323
    26.000  14     0.005     4.278     4.316
    27.000  14     0.004     4.276     4.310
    28.000  14     0.004     4.273     4.304
    29.000  14     0.003     4.271     4.298
    30.000  14     0.003     4.269     4.293
    31.000  14     0.003     4.266     4.289
    32.000  14     0.003     4.264     4.285
    33.000  14     0.002     4.262     4.281
    34.000  14     0.002     4.260     4.277
    35.000  14     0.002     4.258     4.274
    36.000  14     0.002     4.257     4.271
    37.000  14     0.002     4.255     4.268
    38.000  14     0.002     4.253     4.265
    39.000  14     0.001     4.252     4.263
    40.000  14     0.001     4.250     4.261
    41.000  14     0.001     4.249     4.258
    42.000  14     0.001     4.247     4.256
    43.000  14     0.001     4.246     4.254
    44.000  14     0.001     4.245     4.252
    45.000  14     0.001     4.244     4.251
    46.000  14     0.001     4.243     4.249
    47.000  14     0.001     4.241     4.247
    48.000  14     0.001     4.240     4.246
    49.000  14     0.001     4.239     4.245
