     0.000   1     0.150    -0.150     0.603
     1.000   1     0.147    -0.132     0.601
     2.000   1     0.143    -0.110     0.605
     3.000   1     0.140    -0.091     0.606
     4.000   1     0.135    -0.076     0.601
     5.000   1     0.131    -0.063     0.594
     6.000   1     0.128    -0.049     0.591
     7.000   1     0.125    -0.033     0.590
     8.000   1     0.122    -0.017     0.592
     9.000   1     0.118    -0.009     0.582
    10.000   1     0.114     0.001     0.573
    11.000   1     0.111     0.008     0.563
    12.000   1     0.107     0.015     0.550
    13.000   1     0.104     0.022     0.540
    14.000   1     0.100     0.032     0.533
    15.000   1     0.097     0.038     0.523
    16.000   1     0.092     0.036     0.498
    17.000   1     0.090     0.045     0.497
    18.000   1     0.087     0.049     0.485
    19.000   1     0.083     0.045     0.461
    20.000   1     0.080     0.054     0.456
    21.000   1     0.077     0.052     0.438
    22.000   1     0.075     0.057     0.432
    23.000   1     0.071     0.056     0.413
    24.000   1     0.070     0.061     0.409
    25.000   1     0.067     0.064     0.397
    26.000   1     0.064     0.065     0.385
    27.000   1     0.063     0.067     0.380
    28.000   1     0.058     0.065     0.357
    29.000   1     0.056     0.059     0.337
    30.000   1     0.054     0.059     0.331
    31.000   1     0.052     0.060     0.319
    32.000   1     0.049     0.058     0.303
    33.000   1     0.047     0.059     0.294
    34.000   1     0.045     0.053     0.276
    35.000   1     0.042     0.053     0.264
    36.000   1     0.040     0.048     0.250
    37.000   1     0.037     0.045     0.232
    38.000   1     0.036     0.045     0.226
    39.000   1     0.035     0.045     0.219
    40.000   1     0.033     0.041     0.208
    41.000   1     0.031     0.038     0.191
    42.000   1     0.030     0.039     0.190
    43.000   1     0.026     0.025     0.156
    44.000   1     0.026     0.032     0.163
    45.000   1     0.024     0.027     0.149
    46.000   1     0.024     0.027     0.147
    47.000   1     0.022     0.026     0.136
    48.000   1     0.021     0.022     0.126
    49.000   1     0.021     0.028     0.133
     0.000   2     0.334     0.057     1.478
     1.000   2     0.328     0.090     1.486
     2.000   2     0.320     0.126     1.488
     3.000   2     0.314     0.139     1.476
     4.000   2     0.311     0.190     1.515
     5.000   2     0.299     0.191     1.463
     6.000   2     0.291     0.201     1.440
     7.000   2     0.283     0.213     1.418
     8.000   2     0.279     0.237     1.422
     9.000   2     0.272     0.259     1.419
    10.000   2     0.269     0.286     1.431
    11.000   2     0.260     0.291     1.396
    12.000   2     0.245     0.258     1.303
    13.000   2     0.246     0.306     1.354
    14.000   2     0.239     0.318     1.334
    15.000   2     0.228     0.298     1.270
    16.000   2     0.225     0.316     1.273
    17.000   2     0.216     0.307     1.226
    18.000   2     0.216     0.340     1.261
    19.000   2     0.213     0.362     1.270
    20.000   2     0.204     0.343     1.213
    21.000   2     0.193     0.321     1.142
    22.000   2     0.183     0.304     1.085
    23.000   2     0.182     0.324     1.100
    24.000   2     0.180     0.348     1.114
    25.000   2     0.171     0.332     1.059
    26.000   2     0.165     0.317     1.018
    27.000   2     0.158     0.304     0.974
    28.000   2     0.151     0.296     0.940
    29.000   2     0.147     0.287     0.912
    30.000   2     0.136     0.258     0.839
    31.000   2     0.138     0.293     0.881
    32.000   2     0.131     0.280     0.838
    33.000   2     0.126     0.272     0.808
    34.000   2     0.125     0.284     0.817
    35.000   2     0.115     0.244     0.733
    36.000   2     0.109     0.235     0.701
    37.000   2     0.106     0.237     0.690
    38.000   2     0.103     0.234     0.674
    39.000   2     0.099     0.223     0.646
    40.000   2     0.093     0.215     0.612
    41.000   2     0.090     0.212     0.597
    42.000   2     0.087     0.201     0.570
    43.000   2     0.083     0.187     0.539
    44.000   2     0.078     0.178     0.509
    45.000   2     0.078     0.186     0.518
    46.000   2     0.066     0.141     0.424
    47.000   2     0.071     0.167     0.469
    48.000   2     0.061     0.134     0.392
    49.000   2     0.061     0.136     0.398
     0.000   3     0.180    -0.091     0.727
     1.000   3     0.176    -0.068     0.731
     2.000   3     0.172    -0.047     0.734
     3.000   3     0.168    -0.025     0.741
     4.000   3     0.163    -0.017     0.722
     5.000   3     0.161     0.014     0.745
     6.000   3     0.155     0.020     0.725
     7.000   3     0.150     0.030     0.712
     8.000   3     0.147     0.042     0.711
     9.000   3     0.143     0.059     0.710
    10.000   3     0.137     0.060     0.683
    11.000   3     0.133     0.068     0.672
    12.000   3     0.131     0.083     0.677
    13.000   3     0.127     0.090     0.670
    14.000   3     0.121     0.085     0.637
    15.000   3     0.117     0.092     0.625
    16.000   3     0.115     0.102     0.625
    17.000   3     0.111     0.108     0.611
    18.000   3     0.109     0.117     0.612
    19.000   3     0.103     0.114     0.583
    20.000   3     0.098     0.104     0.548
    21.000   3     0.095     0.113     0.546
    22.000   3     0.091     0.106     0.523
    23.000   3     0.087     0.106     0.503
    24.000   3     0.085     0.108     0.493
    25.000   3     0.081     0.107     0.476
    26.000   3     0.077     0.101     0.451
    27.000   3     0.077     0.109     0.458
    28.000   3     0.070     0.094     0.415
    29.000   3     0.068     0.098     0.409
    30.000   3     0.065     0.093     0.389
    31.000   3     0.062     0.095     0.376
    32.000   3     0.058     0.086     0.350
    33.000   3     0.054     0.075     0.323
    34.000   3     0.054     0.084     0.329
    35.000   3     0.049     0.070     0.293
    36.000   3     0.048     0.073     0.290
    37.000   3     0.047     0.077     0.291
    38.000   3     0.044     0.072     0.273
    39.000   3     0.043     0.070     0.263
    40.000   3     0.040     0.068     0.251
    41.000   3     0.037     0.053     0.219
    42.000   3     0.036     0.057     0.220
    43.000   3     0.035     0.058     0.218
    44.000   3     0.031     0.050     0.194
    45.000   3     0.031     0.053     0.196
    46.000   3     0.029     0.050     0.181
    47.000   3     0.026     0.038     0.157
    48.000   3     0.027     0.046     0.169
    49.000   3     0.024     0.038     0.149
     0.000   4     0.246    -0.190     0.991
     1.000   4     0.241    -0.147     1.009
     2.000   4     0.233    -0.130     0.986
     3.000   4     0.228    -0.092     1.002
     4.000   4     0.222    -0.067     0.999
     5.000   4     0.218    -0.040     1.004
     6.000   4     0.212    -0.015     1.003
     7.000   4     0.201    -0.016     0.949
     8.000   4     0.201     0.032     0.994
     9.000   4     0.192     0.041     0.962
    10.000   4     0.187     0.048     0.947
    11.000   4     0.181     0.055     0.921
    12.000   4     0.179     0.089     0.946
    13.000   4     0.172     0.092     0.917
    14.000   4     0.163     0.089     0.871
    15.000   4     0.159     0.104     0.865
    16.000   4     0.153     0.108     0.842
    17.000   4     0.151     0.125     0.849
    18.000   4     0.144     0.118     0.809
    19.000   4     0.141     0.129     0.806
    20.000   4     0.136     0.140     0.791
    21.000   4     0.131     0.143     0.770
    22.000   4     0.121     0.128     0.710
    23.000   4     0.118     0.131     0.699
    24.000   4     0.113     0.132     0.676
    25.000   4     0.109     0.136     0.658
    26.000   4     0.105     0.133     0.637
    27.000   4     0.101     0.130     0.615
    28.000   4     0.097     0.132     0.598
    29.000   4     0.095     0.144     0.602
    30.000   4     0.088     0.127     0.550
    31.000   4     0.084     0.116     0.519
    32.000   4     0.082     0.130     0.524
    33.000   4     0.077     0.121     0.488
    34.000   4     0.075     0.121     0.479
    35.000   4     0.068     0.103     0.427
    36.000   4     0.068     0.116     0.443
    37.000   4     0.062     0.100     0.396
    38.000   4     0.059     0.090     0.375
    39.000   4     0.056     0.081     0.348
    40.000   4     0.053     0.072     0.328
    41.000   4     0.052     0.091     0.342
    42.000   4     0.050     0.086     0.327
    43.000   4     0.044     0.071     0.284
    44.000   4     0.043     0.066     0.271
    45.000   4     0.041     0.063     0.258
    46.000   4     0.039     0.065     0.250
    47.000   4     0.040     0.070     0.259
    48.000   4     0.033     0.049     0.206
    49.000   4     0.031     0.046     0.197
     0.000   5     0.263    -0.111     1.014
     1.000   5     0.257    -0.078     1.017
     2.000   5     0.252    -0.046     1.031
     3.000   5     0.245    -0.023     1.024
     4.000   5     0.239    -0.001     1.020
     5.000   5     0.233     0.022     1.018
     6.000   5     0.226     0.028     0.995
     7.000   5     0.218     0.044     0.977
     8.000   5     0.218     0.088     1.017
     9.000   5     0.212     0.101     1.008
    10.000   5     0.204     0.111     0.982
    11.000   5     0.197     0.110     0.954
    12.000   5     0.189     0.113     0.921
    13.000   5     0.188     0.145     0.950
    14.000   5     0.184     0.163     0.951
    15.000   5     0.172     0.143     0.877
    16.000   5     0.166     0.139     0.849
    17.000   5     0.165     0.170     0.877
    18.000   5     0.159     0.169     0.846
    19.000   5     0.154     0.176     0.833
    20.000   5     0.150     0.185     0.826
    21.000   5     0.142     0.171     0.776
    22.000   5     0.139     0.180     0.772
    23.000   5     0.134     0.181     0.752
    24.000   5     0.130     0.183     0.738
    25.000   5     0.123     0.179     0.704
    26.000   5     0.116     0.164     0.659
    27.000   5     0.112     0.162     0.640
    28.000   5     0.109     0.169     0.633
    29.000   5     0.102     0.158     0.596
    30.000   5     0.101     0.167     0.599
    31.000   5     0.094     0.145     0.547
    32.000   5     0.094     0.152     0.553
    33.000   5     0.085     0.137     0.499
    34.000   5     0.083     0.144     0.499
    35.000   5     0.080     0.140     0.484
    36.000   5     0.074     0.125     0.440
    37.000   5     0.073     0.139     0.452
    38.000   5     0.068     0.115     0.404
    39.000   5     0.063     0.106     0.376
    40.000   5     0.063     0.116     0.385
    41.000   5     0.058     0.102     0.351
    42.000   5     0.053     0.087     0.312
    43.000   5     0.052     0.095     0.316
    44.000   5     0.053     0.100     0.325
    45.000   5     0.045     0.076     0.266
    46.000   5     0.044     0.072     0.258
    47.000   5     0.041     0.071     0.245
    48.000   5     0.039     0.067     0.235
    49.000   5     0.037     0.061     0.219
     0.000   6     0.208    -0.606     0.830
     1.000   6     0.201    -0.551     0.838
     2.000   6     0.194    -0.511     0.832
     3.000   6     0.189    -0.459     0.848
     4.000   6     0.183    -0.421     0.846
     5.000   6     0.179    -0.387     0.849
     6.000   6     0.173    -0.345     0.852
     7.000   6     0.164    -0.327     0.811
     8.000   6     0.161    -0.291     0.825
     9.000   6     0.158    -0.259     0.831
    10.000   6     0.150    -0.243     0.792
    11.000   6     0.145    -0.197     0.807
    12.000   6     0.140    -0.187     0.785
    13.000   6     0.133    -0.163     0.760
    14.000   6     0.131    -0.145     0.762
    15.000   6     0.126    -0.130     0.744
    16.000   6     0.122    -0.102     0.745
    17.000   6     0.113    -0.100     0.683
    18.000   6     0.109    -0.089     0.668
    19.000   6     0.104    -0.072     0.647
