     0.000   1     0.218    -0.380     0.461
     1.000   1     0.209    -0.312     0.492
     2.000   1     0.198    -0.255     0.510
     3.000   1     0.188    -0.204     0.521
     4.000   1     0.179    -0.159     0.533
     5.000   1     0.171    -0.114     0.543
     6.000   1     0.162    -0.086     0.538
     7.000   1     0.155    -0.048     0.551
     8.000   1     0.146    -0.027     0.534
     9.000   1     0.137    -0.004     0.526
    10.000   1     0.129     0.013     0.512
    11.000   1     0.122     0.033     0.504
    12.000   1     0.114     0.042     0.480
    13.000   1     0.106     0.051     0.461
    14.000   1     0.100     0.065     0.449
    15.000   1     0.093     0.068     0.427
    16.000   1     0.086     0.069     0.401
    17.000   1     0.079     0.073     0.376
    18.000   1     0.072     0.072     0.350
    19.000   1     0.068     0.077     0.338
    20.000   1     0.062     0.077     0.316
    21.000   1     0.057     0.072     0.289
    22.000   1     0.052     0.070     0.269
    23.000   1     0.047     0.064     0.244
    24.000   1     0.042     0.063     0.225
    25.000   1     0.038     0.056     0.201
    26.000   1     0.034     0.050     0.180
    27.000   1     0.031     0.048     0.166
    28.000   1     0.027     0.045     0.150
    29.000   1     0.024     0.038     0.130
    30.000   1     0.022     0.040     0.125
    31.000   1     0.019     0.031     0.102
    32.000   1     0.016     0.027     0.089
    33.000   1     0.014     0.023     0.078
    34.000   1     0.013     0.022     0.072
    35.000   1     0.012     0.022     0.066
    36.000   1     0.010     0.019     0.058
    37.000   1     0.009     0.017     0.052
    38.000   1     0.008     0.013     0.043
    39.000   1     0.007     0.013     0.039
    40.000   1     0.006     0.011     0.034
    41.000   1     0.006     0.011     0.032
    42.000   1     0.005     0.009     0.028
    43.000   1     0.004     0.009     0.026
    44.000   1     0.004     0.007     0.020
    45.000   1     0.004     0.007     0.021
    46.000   1     0.003     0.004     0.014
    47.000   1     0.002     0.005     0.014
    48.000   1     0.002     0.004     0.013
    49.000   1     0.002     0.004     0.011
     0.000   2     0.467    -0.652     0.794
     1.000   2     0.449    -0.538     0.854
     2.000   2     0.433    -0.436     0.905
