     0.000   1     0.177    -0.721    -0.040
     1.000   1     0.168    -0.657    -0.010
     2.000   1     0.158    -0.599     0.009
     3.000   1     0.148    -0.540     0.029
     4.000   1     0.137    -0.490     0.039
     5.000   1     0.128    -0.443     0.050
     6.000   1     0.120    -0.399     0.064
     7.000   1     0.111    -0.361     0.069
     8.000   1     0.103    -0.323     0.074
     9.000   1     0.094    -0.289     0.071
    10.000   1     0.086    -0.261     0.071
    11.000   1     0.079    -0.231     0.072
    12.000   1     0.073    -0.208     0.073
    13.000   1     0.066    -0.185     0.068
    14.000   1     0.060    -0.166     0.064
    15.000   1     0.054    -0.145     0.062
    16.000   1     0.049    -0.132     0.058
    17.000   1     0.043    -0.114     0.051
    18.000   1     0.038    -0.101     0.045
    19.000   1     0.035    -0.089     0.044
    20.000   1     0.030    -0.079     0.038
    21.000   1     0.027    -0.070     0.036
    22.000   1     0.024    -0.062     0.029
    23.000   1     0.021    -0.054     0.027
    24.000   1     0.019    -0.049     0.024
    25.000   1     0.017    -0.042     0.021
    26.000   1     0.015    -0.037     0.020
    27.000   1     0.014    -0.035     0.018
    28.000   1     0.011    -0.028     0.014
    29.000   1     0.010    -0.027     0.013
    30.000   1     0.009    -0.025     0.011
    31.000   1     0.007    -0.019     0.009
    32.000   1     0.008    -0.018     0.012
    33.000   1     0.006    -0.017     0.007
    34.000   1     0.006    -0.015     0.007
    35.000   1     0.005    -0.013     0.007
    36.000   1     0.005    -0.012     0.006
    37.000   1     0.004    -0.010     0.005
    38.000   1     0.004    -0.010     0.004
    39.000   1     0.003    -0.008     0.004
    40.000   1     0.003    -0.007     0.004
    41.000   1     0.003    -0.007     0.004
    42.000   1     0.002    -0.006     0.003
    43.000   1     0.002    -0.005     0.002
    44.000   1     0.002    -0.004     0.002
    45.000   1     0.002    -0.004     0.003
    46.000   1     0.001    -0.003     0.002
    47.000   1     0.001    -0.003     0.002
    48.000   1     0.001    -0.003     0.002
    49.000   1     0.001    -0.002     0.001
     0.000   2     0.384    -1.192    -0.001
     1.000   2     0.364    -1.085     0.042
     2.000   2     0.347    -0.992     0.084
     3.000   2     0.328    -0.911     0.106
     4.000   2     0.315    -0.828     0.149
     5.000   2     0.296    -0.755     0.162
     6.000   2     0.279    -0.686     0.179
     7.000   2     0.263    -0.623     0.191
     8.000   2     0.244    -0.562     0.193
     9.000   2     0.228    -0.507     0.200
    10.000   2     0.215    -0.458     0.210
    11.000   2     0.198    -0.420     0.193
    12.000   2     0.184    -0.374     0.196
    13.000   2     0.169    -0.334     0.189
    14.000   2     0.156    -0.296     0.187
    15.000   2     0.145    -0.268     0.181
    16.000   2     0.127    -0.242     0.151
    17.000   2     0.120    -0.212     0.161
    18.000   2     0.107    -0.191     0.139
    19.000   2     0.100    -0.170     0.141
    20.000   2     0.082    -0.151     0.102
    21.000   2     0.083    -0.134     0.123
    22.000   2     0.071    -0.119     0.100
    23.000   2     0.062    -0.105     0.088
    24.000   2     0.057    -0.093     0.085
    25.000   2     0.049    -0.083     0.070
    26.000   2     0.046    -0.073     0.070
    27.000   2     0.040    -0.063     0.060
    28.000   2     0.036    -0.060     0.052
    29.000   2     0.030    -0.052     0.040
    30.000   2     0.032    -0.047     0.052
    31.000   2     0.024    -0.040     0.035
    32.000   2     0.024    -0.039     0.035
    33.000   2     0.020    -0.034     0.027
    34.000   2     0.018    -0.031     0.025
    35.000   2     0.018    -0.028     0.027
    36.000   2     0.014    -0.025     0.019
    37.000   2     0.012    -0.022     0.014
    38.000   2     0.012    -0.020     0.017
    39.000   2     0.011    -0.018     0.015
    40.000   2     0.009    -0.016     0.012
    41.000   2     0.007    -0.014     0.007
    42.000   2     0.008    -0.011     0.012
    43.000   2     0.006    -0.012     0.006
    44.000   2     0.006    -0.010     0.008
    45.000   2     0.005    -0.008     0.006
    46.000   2     0.004    -0.008     0.005
    47.000   2     0.003    -0.006     0.003
    48.000   2     0.003    -0.006     0.002
    49.000   2     0.003    -0.006     0.003
     0.000   3     0.210    -0.739    -0.028
     1.000   3     0.200    -0.670     0.008
     2.000   3     0.187    -0.609     0.024
     3.000   3     0.175    -0.550     0.043
     4.000   3     0.166    -0.499     0.062
     5.000   3     0.156    -0.451     0.077
     6.000   3     0.145    -0.409     0.083
     7.000   3     0.134    -0.365     0.087
     8.000   3     0.123    -0.326     0.090
     9.000   3     0.112    -0.293     0.086
    10.000   3     0.104    -0.263     0.088
    11.000   3     0.095    -0.235     0.088
    12.000   3     0.088    -0.207     0.090
    13.000   3     0.080    -0.186     0.085
    14.000   3     0.073    -0.165     0.083
    15.000   3     0.064    -0.147     0.070
    16.000   3     0.058    -0.128     0.068
    17.000   3     0.052    -0.113     0.063
    18.000   3     0.045    -0.102     0.052
    19.000   3     0.042    -0.089     0.054
    20.000   3     0.038    -0.078     0.049
    21.000   3     0.033    -0.069     0.043
    22.000   3     0.029    -0.060     0.040
    23.000   3     0.026    -0.052     0.036
    24.000   3     0.022    -0.047     0.028
    25.000   3     0.020    -0.042     0.025
    26.000   3     0.018    -0.039     0.024
    27.000   3     0.015    -0.031     0.019
    28.000   3     0.014    -0.030     0.018
    29.000   3     0.011    -0.024     0.014
    30.000   3     0.011    -0.023     0.015
    31.000   3     0.010    -0.020     0.015
    32.000   3     0.010    -0.019     0.014
    33.000   3     0.008    -0.017     0.009
    34.000   3     0.008    -0.015     0.011
    35.000   3     0.006    -0.013     0.008
    36.000   3     0.006    -0.012     0.008
    37.000   3     0.005    -0.009     0.008
    38.000   3     0.004    -0.009     0.005
    39.000   3     0.004    -0.008     0.004
    40.000   3     0.003    -0.007     0.004
    41.000   3     0.003    -0.006     0.003
    42.000   3     0.003    -0.005     0.004
    43.000   3     0.002    -0.005     0.002
    44.000   3     0.002    -0.004     0.002
    45.000   3     0.002    -0.004     0.002
    46.000   3     0.001    -0.003     0.002
    47.000   3     0.002    -0.003     0.002
    48.000   3     0.001    -0.003     0.002
    49.000   3     0.001    -0.002     0.001
     0.000   4     0.270    -1.248    -0.136
     1.000   4     0.258    -1.136    -0.073
     2.000   4     0.241    -1.029    -0.037
     3.000   4     0.230    -0.941     0.006
     4.000   4     0.213    -0.852     0.026
     5.000   4     0.200    -0.770     0.052
     6.000   4     0.187    -0.693     0.075
     7.000   4     0.172    -0.623     0.085
     8.000   4     0.157    -0.558     0.090
     9.000   4     0.149    -0.502     0.110
    10.000   4     0.134    -0.444     0.107
    11.000   4     0.122    -0.398     0.102
    12.000   4     0.110    -0.354     0.099
    13.000   4     0.101    -0.316     0.099
    14.000   4     0.094    -0.282     0.106
    15.000   4     0.082    -0.245     0.091
    16.000   4     0.072    -0.215     0.081
    17.000   4     0.066    -0.190     0.082
    18.000   4     0.059    -0.170     0.073
    19.000   4     0.053    -0.150     0.067
    20.000   4     0.047    -0.127     0.066
    21.000   4     0.041    -0.115     0.055
    22.000   4     0.036    -0.100     0.050
    23.000   4     0.033    -0.090     0.044
    24.000   4     0.027    -0.075     0.035
    25.000   4     0.025    -0.067     0.038
    26.000   4     0.022    -0.062     0.028
    27.000   4     0.020    -0.051     0.031
    28.000   4     0.018    -0.049     0.027
    29.000   4     0.016    -0.043     0.021
    30.000   4     0.014    -0.034     0.022
    31.000   4     0.012    -0.033     0.017
    32.000   4     0.012    -0.031     0.019
    33.000   4     0.010    -0.026     0.014
    34.000   4     0.009    -0.024     0.014
    35.000   4     0.008    -0.020     0.011
    36.000   4     0.007    -0.018     0.012
    37.000   4     0.006    -0.017     0.009
    38.000   4     0.006    -0.013     0.011
    39.000   4     0.005    -0.012     0.006
    40.000   4     0.004    -0.011     0.006
    41.000   4     0.004    -0.009     0.006
    42.000   4     0.003    -0.008     0.005
    43.000   4     0.002    -0.007     0.003
    44.000   4     0.002    -0.006     0.002
    45.000   4     0.002    -0.006     0.003
    46.000   4     0.002    -0.005     0.002
    47.000   4     0.001    -0.004     0.001
    48.000   4     0.001    -0.004     0.002
    49.000   4     0.001    -0.003     0.002
     0.000   5     0.329    -0.834     0.038
     1.000   5     0.315    -0.752     0.081
     2.000   5     0.299    -0.690     0.103
     3.000   5     0.284    -0.626     0.127
     4.000   5     0.266    -0.570     0.135
     5.000   5     0.252    -0.516     0.151
     6.000   5     0.237    -0.465     0.163
     7.000   5     0.226    -0.421     0.178
     8.000   5     0.208    -0.379     0.172
     9.000   5     0.194    -0.336     0.179
    10.000   5     0.182    -0.303     0.179
    11.000   5     0.167    -0.270     0.172
    12.000   5     0.155    -0.241     0.169
    13.000   5     0.141    -0.213     0.160
    14.000   5     0.134    -0.189     0.166
    15.000   5     0.119    -0.168     0.147
    16.000   5     0.104    -0.153     0.123
    17.000   5     0.097    -0.132     0.125
    18.000   5     0.088    -0.116     0.117
    19.000   5     0.074    -0.102     0.094
    20.000   5     0.070    -0.089     0.095
    21.000   5     0.061    -0.080     0.081
    22.000   5     0.054    -0.070     0.074
    23.000   5     0.047    -0.063     0.062
    24.000   5     0.045    -0.053     0.067
    25.000   5     0.037    -0.046     0.053
    26.000   5     0.036    -0.044     0.051
    27.000   5     0.029    -0.038     0.039
    28.000   5     0.027    -0.034     0.038
    29.000   5     0.023    -0.028     0.034
    30.000   5     0.021    -0.027     0.029
    31.000   5     0.018    -0.025     0.023
    32.000   5     0.016    -0.022     0.021
    33.000   5     0.016    -0.019     0.023
    34.000   5     0.014    -0.017     0.021
    35.000   5     0.012    -0.015     0.018
    36.000   5     0.011    -0.013     0.016
    37.000   5     0.009    -0.012     0.011
    38.000   5     0.008    -0.010     0.011
    39.000   5     0.007    -0.009     0.010
    40.000   5     0.006    -0.008     0.007
    41.000   5     0.006    -0.007     0.009
    42.000   5     0.005    -0.006     0.008
    43.000   5     0.005    -0.005     0.008
    44.000   5     0.003    -0.005     0.004
    45.000   5     0.003    -0.004     0.004
    46.000   5     0.002    -0.003     0.003
    47.000   5     0.003    -0.003     0.004
    48.000   5     0.002    -0.003     0.002
    49.000   5     0.002    -0.002     0.002
     0.000   6     0.230    -1.743    -0.283
     1.000   6     0.214    -1.570    -0.213
     2.000   6     0.200    -1.423    -0.153
     3.000   6     0.188    -1.286    -0.089
     4.000   6     0.169    -1.147    -0.070
     5.000   6     0.157    -1.033    -0.035
     6.000   6     0.142    -0.921    -0.019
     7.000   6     0.134    -0.826     0.023
     8.000   6     0.120    -0.727     0.033
     9.000   6     0.111    -0.649     0.054
    10.000   6     0.097    -0.569     0.049
    11.000   6     0.089    -0.510     0.056
    12.000   6     0.081    -0.449     0.066
    13.000   6     0.070    -0.389     0.057
    14.000   6     0.063    -0.347     0.051
    15.000   6     0.057    -0.299     0.061
    16.000   6     0.049    -0.260     0.051
    17.000   6     0.044    -0.231     0.045
    18.000   6     0.038    -0.198     0.042
    19.000   6     0.031    -0.170     0.030
    20.000   6     0.028    -0.154     0.027
    21.000   6     0.025    -0.132     0.024
    22.000   6     0.023    -0.117     0.031
    23.000   6     0.020    -0.100     0.025
    24.000   6     0.017    -0.089     0.019
    25.000   6     0.016    -0.086     0.019
    26.000   6     0.012    -0.065     0.015
    27.000   6     0.011    -0.059     0.013
    28.000   6     0.010    -0.056     0.010
    29.000   6     0.008    -0.044     0.007
    30.000   6     0.008    -0.041     0.012
    31.000   6     0.006    -0.034     0.003
    32.000   6     0.006    -0.032     0.007
    33.000   6     0.005    -0.028     0.005
    34.000   6     0.004    -0.024     0.003
    35.000   6     0.004    -0.021     0.006
    36.000   6     0.004    -0.018     0.007
    37.000   6     0.003    -0.016     0.003
    38.000   6     0.003    -0.015     0.003
    39.000   6     0.003    -0.013     0.003
    40.000   6     0.002    -0.011     0.001
    41.000   6     0.001    -0.009     0.001
    42.000   6     0.002    -0.009     0.001
    43.000   6     0.002    -0.008     0.003
    44.000   6     0.001    -0.006     0.001
    45.000   6     0.001    -0.006     0.001
    46.000   6     0.001    -0.005    -0.000
    47.000   6     0.001    -0.004     0.001
    48.000   6     0.001    -0.004     0.001
    49.000   6     0.001    -0.004     0.000
     0.000   7     0.212    -1.562    -0.313
     1.000   7     0.199    -1.432    -0.258
     2.000   7     0.187    -1.301    -0.199
     3.000   7     0.175    -1.190    -0.159
     4.000   7     0.163    -1.078    -0.119
     5.000   7     0.152    -0.982    -0.087
     6.000   7     0.141    -0.888    -0.058
     7.000   7     0.131    -0.802    -0.033
     8.000   7     0.117    -0.718    -0.026
     9.000   7     0.108    -0.646    -0.009
    10.000   7     0.101    -0.582     0.010
    11.000   7     0.090    -0.521     0.012
    12.000   7     0.083    -0.467     0.022
    13.000   7     0.075    -0.420     0.023
    14.000   7     0.069    -0.378     0.027
    15.000   7     0.061    -0.333     0.025
    16.000   7     0.057    -0.298     0.036
    17.000   7     0.048    -0.259     0.024
    18.000   7     0.044    -0.233     0.026
    19.000   7     0.041    -0.208     0.031
    20.000   7     0.036    -0.184     0.026
    21.000   7     0.032    -0.165     0.024
    22.000   7     0.028    -0.144     0.018
    23.000   7     0.026    -0.129     0.022
    24.000   7     0.022    -0.112     0.018
    25.000   7     0.019    -0.098     0.014
    26.000   7     0.016    -0.084     0.012
    27.000   7     0.016    -0.081     0.015
    28.000   7     0.013    -0.067     0.012
    29.000   7     0.013    -0.065     0.011
    30.000   7     0.010    -0.052     0.009
    31.000   7     0.010    -0.050     0.007
    32.000   7     0.009    -0.045     0.007
    33.000   7     0.009    -0.042     0.009
    34.000   7     0.007    -0.035     0.005
    35.000   7     0.007    -0.033     0.007
    36.000   7     0.005    -0.027     0.002
    37.000   7     0.005    -0.024     0.003
    38.000   7     0.005    -0.023     0.004
    39.000   7     0.003    -0.019     0.001
    40.000   7     0.003    -0.017     0.003
    41.000   7     0.003    -0.016     0.003
    42.000   7     0.003    -0.013     0.003
    43.000   7     0.002    -0.012     0.000
    44.000   7     0.002    -0.010     0.001
    45.000   7     0.002    -0.009     0.000
    46.000   7     0.002    -0.009     0.001
    47.000   7     0.001    -0.007     0.001
    48.000   7     0.001    -0.007    -0.001
    49.000   7     0.001    -0.005     0.000
     0.000   8     0.316    -1.309    -0.101
     1.000   8     0.299    -1.195    -0.053
     2.000   8     0.281    -1.091    -0.019
     3.000   8     0.267    -0.991     0.028
     4.000   8     0.249    -0.902     0.049
     5.000   8     0.236    -0.816     0.085
     6.000   8     0.221    -0.745     0.099
     7.000   8     0.206    -0.664     0.122
     8.000   8     0.192    -0.599     0.134
     9.000   8     0.174    -0.540     0.125
    10.000   8     0.164    -0.483     0.142
    11.000   8     0.148    -0.436     0.130
