     0.000   1     0.856    -6.960    -3.660
     1.000   1     0.856    -6.957    -3.660
     2.000   1     0.855    -6.956    -3.660
     3.000   1     0.855    -6.955    -3.660
     4.000   1     0.855    -6.948    -3.651
     5.000   1     0.854    -6.949    -3.657
     6.000   1     0.855    -6.945    -3.652
     7.000   1     0.854    -6.942    -3.650
     8.000   1     0.854    -6.937    -3.645
     9.000   1     0.855    -6.933    -3.639
    10.000   1     0.854    -6.935    -3.643
    11.000   1     0.855    -6.927    -3.633
    12.000   1     0.854    -6.927    -3.635
    13.000   1     0.854    -6.926    -3.636
    14.000   1     0.854    -6.922    -3.631
    15.000   1     0.853    -6.918    -3.629
    16.000   1     0.853    -6.914    -3.626
    17.000   1     0.853    -6.913    -3.624
    18.000   1     0.854    -6.907    -3.615
    19.000   1     0.853    -6.908    -3.622
    20.000   1     0.852    -6.904    -3.620
    21.000   1     0.853    -6.902    -3.616
    22.000   1     0.853    -6.899    -3.613
    23.000   1     0.853    -6.893    -3.606
    24.000   1     0.853    -6.890    -3.604
    25.000   1     0.852    -6.890    -3.606
    26.000   1     0.852    -6.885    -3.603
    27.000   1     0.852    -6.883    -3.599
    28.000   1     0.852    -6.877    -3.595
    29.000   1     0.851    -6.878    -3.597
    30.000   1     0.852    -6.871    -3.588
    31.000   1     0.851    -6.871    -3.590
    32.000   1     0.850    -6.869    -3.592
    33.000   1     0.851    -6.863    -3.582
    34.000   1     0.851    -6.862    -3.583
    35.000   1     0.851    -6.858    -3.577
    36.000   1     0.850    -6.857    -3.580
    37.000   1     0.851    -6.853    -3.574
    38.000   1     0.851    -6.851    -3.572
    39.000   1     0.850    -6.847    -3.570
    40.000   1     0.850    -6.843    -3.567
    41.000   1     0.849    -6.842    -3.569
    42.000   1     0.850    -6.839    -3.561
    43.000   1     0.849    -6.835    -3.562
    44.000   1     0.849    -6.833    -3.560
    45.000   1     0.849    -6.833    -3.560
    46.000   1     0.849    -6.828    -3.555
    47.000   1     0.849    -6.824    -3.550
    48.000   1     0.849    -6.820    -3.547
    49.000   1     0.849    -6.817    -3.545
     0.000   2     0.856    -4.831    -2.179
     1.000   2     0.858    -4.821    -2.163
     2.000   2     0.856    -4.824    -2.172
     3.000   2     0.855    -4.822    -2.172
     4.000   2     0.857    -4.816    -2.162
     5.000   2     0.857    -4.814    -2.159
     6.000   2     0.856    -4.812    -2.159
     7.000   2     0.855    -4.811    -2.161
     8.000   2     0.858    -4.809    -2.151
     9.000   2     0.855    -4.808    -2.159
    10.000   2     0.855    -4.805    -2.155
    11.000   2     0.854    -4.803    -2.157
    12.000   2     0.856    -4.801    -2.149
    13.000   2     0.854    -4.803    -2.158
    14.000   2     0.855    -4.796    -2.146
    15.000   2     0.855    -4.791    -2.141
    16.000   2     0.855    -4.789    -2.139
    17.000   2     0.854    -4.792    -2.146
    18.000   2     0.855    -4.788    -2.140
    19.000   2     0.854    -4.786    -2.142
    20.000   2     0.855    -4.783    -2.134
    21.000   2     0.853    -4.786    -2.144
    22.000   2     0.852    -4.783    -2.142
    23.000   2     0.854    -4.775    -2.129
    24.000   2     0.852    -4.777    -2.138
    25.000   2     0.855    -4.769    -2.121
    26.000   2     0.854    -4.770    -2.125
    27.000   2     0.852    -4.770    -2.129
    28.000   2     0.852    -4.767    -2.127
    29.000   2     0.852    -4.764    -2.125
    30.000   2     0.851    -4.759    -2.121
    31.000   2     0.854    -4.756    -2.111
    32.000   2     0.853    -4.756    -2.113
    33.000   2     0.852    -4.752    -2.111
    34.000   2     0.852    -4.753    -2.113
    35.000   2     0.854    -4.745    -2.100
    36.000   2     0.851    -4.747    -2.108
    37.000   2     0.851    -4.745    -2.107
    38.000   2     0.852    -4.742    -2.102
    39.000   2     0.853    -4.738    -2.095
    40.000   2     0.852    -4.735    -2.094
    41.000   2     0.852    -4.736    -2.095
    42.000   2     0.852    -4.729    -2.089
    43.000   2     0.850    -4.732    -2.099
    44.000   2     0.850    -4.730    -2.096
    45.000   2     0.851    -4.724    -2.086
    46.000   2     0.853    -4.721    -2.079
    47.000   2     0.848    -4.727    -2.099
    48.000   2     0.851    -4.717    -2.082
    49.000   2     0.851    -4.717    -2.080
     0.000   3     0.872    -5.721    -2.767
     1.000   3     0.872    -5.721    -2.767
     2.000   3     0.872    -5.718    -2.765
     3.000   3     0.871    -5.713    -2.762
     4.000   3     0.871    -5.711    -2.759
     5.000   3     0.872    -5.705    -2.751
     6.000   3     0.872    -5.703    -2.747
     7.000   3     0.870    -5.705    -2.757
     8.000   3     0.872    -5.697    -2.744
     9.000   3     0.870    -5.702    -2.753
    10.000   3     0.871    -5.695    -2.744
    11.000   3     0.871    -5.693    -2.744
    12.000   3     0.871    -5.690    -2.741
    13.000   3     0.870    -5.690    -2.744
    14.000   3     0.871    -5.683    -2.732
    15.000   3     0.870    -5.683    -2.735
    16.000   3     0.870    -5.679    -2.731
    17.000   3     0.870    -5.676    -2.727
    18.000   3     0.870    -5.674    -2.725
    19.000   3     0.870    -5.672    -2.726
    20.000   3     0.870    -5.668    -2.720
    21.000   3     0.870    -5.665    -2.718
    22.000   3     0.869    -5.665    -2.722
    23.000   3     0.869    -5.662    -2.719
    24.000   3     0.869    -5.657    -2.711
    25.000   3     0.868    -5.658    -2.715
    26.000   3     0.869    -5.652    -2.708
    27.000   3     0.870    -5.646    -2.699
    28.000   3     0.868    -5.647    -2.706
    29.000   3     0.868    -5.647    -2.707
    30.000   3     0.868    -5.642    -2.701
    31.000   3     0.869    -5.637    -2.695
    32.000   3     0.868    -5.638    -2.698
    33.000   3     0.868    -5.635    -2.693
    34.000   3     0.868    -5.633    -2.694
    35.000   3     0.868    -5.630    -2.690
    36.000   3     0.867    -5.628    -2.689
    37.000   3     0.867    -5.628    -2.689
    38.000   3     0.868    -5.617    -2.677
    39.000   3     0.866    -5.622    -2.688
    40.000   3     0.866    -5.619    -2.684
    41.000   3     0.867    -5.613    -2.675
    42.000   3     0.866    -5.611    -2.677
    43.000   3     0.866    -5.609    -2.675
    44.000   3     0.865    -5.609    -2.678
    45.000   3     0.866    -5.603    -2.668
    46.000   3     0.866    -5.600    -2.667
    47.000   3     0.866    -5.598    -2.663
    48.000   3     0.866    -5.595    -2.662
    49.000   3     0.865    -5.592    -2.661
     0.000   4     0.865    -7.767    -4.206
     1.000   4     0.864    -7.763    -4.206
     2.000   4     0.865    -7.762    -4.202
     3.000   4     0.865    -7.759    -4.201
     4.000   4     0.865    -7.750    -4.191
     5.000   4     0.864    -7.749    -4.193
     6.000   4     0.864    -7.749    -4.192
     7.000   4     0.865    -7.740    -4.181
     8.000   4     0.864    -7.739    -4.185
     9.000   4     0.863    -7.734    -4.183
    10.000   4     0.864    -7.734    -4.179
    11.000   4     0.864    -7.727    -4.173
    12.000   4     0.864    -7.729    -4.174
    13.000   4     0.864    -7.722    -4.168
    14.000   4     0.863    -7.720    -4.170
    15.000   4     0.862    -7.721    -4.173
    16.000   4     0.863    -7.714    -4.162
    17.000   4     0.862    -7.716    -4.170
    18.000   4     0.862    -7.708    -4.160
    19.000   4     0.863    -7.708    -4.157
    20.000   4     0.861    -7.704    -4.159
    21.000   4     0.861    -7.700    -4.155
    22.000   4     0.862    -7.696    -4.149
    23.000   4     0.862    -7.690    -4.144
    24.000   4     0.861    -7.690    -4.146
    25.000   4     0.862    -7.688    -4.142
    26.000   4     0.860    -7.683    -4.142
    27.000   4     0.863    -7.675    -4.125
    28.000   4     0.862    -7.677    -4.131
    29.000   4     0.861    -7.676    -4.135
    30.000   4     0.860    -7.670    -4.130
    31.000   4     0.861    -7.662    -4.118
    32.000   4     0.860    -7.663    -4.125
    33.000   4     0.860    -7.663    -4.124
    34.000   4     0.860    -7.654    -4.116
    35.000   4     0.859    -7.655    -4.119
    36.000   4     0.860    -7.652    -4.113
    37.000   4     0.860    -7.646    -4.107
    38.000   4     0.859    -7.647    -4.112
    39.000   4     0.858    -7.644    -4.113
    40.000   4     0.859    -7.639    -4.105
    41.000   4     0.859    -7.640    -4.107
    42.000   4     0.859    -7.628    -4.094
    43.000   4     0.860    -7.624    -4.088
    44.000   4     0.860    -7.623    -4.086
    45.000   4     0.858    -7.620    -4.091
    46.000   4     0.858    -7.618    -4.089
    47.000   4     0.860    -7.610    -4.072
    48.000   4     0.858    -7.611    -4.079
    49.000   4     0.858    -7.608    -4.079
     0.000   5     0.851    -3.794    -1.539
     1.000   5     0.850    -3.795    -1.543
     2.000   5     0.851    -3.788    -1.533
     3.000   5     0.852    -3.788    -1.533
     4.000   5     0.851    -3.788    -1.535
     5.000   5     0.851    -3.786    -1.531
     6.000   5     0.850    -3.782    -1.532
     7.000   5     0.852    -3.774    -1.518
     8.000   5     0.850    -3.781    -1.530
     9.000   5     0.851    -3.776    -1.523
    10.000   5     0.851    -3.771    -1.518
    11.000   5     0.851    -3.771    -1.517
    12.000   5     0.847    -3.778    -1.535
    13.000   5     0.850    -3.769    -1.517
    14.000   5     0.849    -3.767    -1.519
    15.000   5     0.848    -3.766    -1.520
    16.000   5     0.850    -3.762    -1.512
    17.000   5     0.847    -3.767    -1.522
    18.000   5     0.849    -3.759    -1.510
    19.000   5     0.850    -3.755    -1.504
    20.000   5     0.849    -3.755    -1.507
    21.000   5     0.847    -3.759    -1.515
    22.000   5     0.848    -3.750    -1.504
    23.000   5     0.849    -3.749    -1.502
    24.000   5     0.848    -3.749    -1.503
    25.000   5     0.848    -3.743    -1.498
    26.000   5     0.846    -3.750    -1.508
    27.000   5     0.848    -3.740    -1.494
    28.000   5     0.848    -3.736    -1.489
    29.000   5     0.846    -3.742    -1.501
    30.000   5     0.846    -3.739    -1.498
    31.000   5     0.845    -3.740    -1.503
    32.000   5     0.847    -3.729    -1.485
    33.000   5     0.846    -3.732    -1.493
    34.000   5     0.845    -3.734    -1.496
    35.000   5     0.844    -3.732    -1.496
    36.000   5     0.847    -3.720    -1.477
    37.000   5     0.847    -3.723    -1.481
    38.000   5     0.845    -3.725    -1.486
    39.000   5     0.845    -3.724    -1.486
    40.000   5     0.846    -3.717    -1.477
    41.000   5     0.844    -3.719    -1.483
    42.000   5     0.846    -3.710    -1.470
    43.000   5     0.844    -3.714    -1.479
    44.000   5     0.846    -3.709    -1.469
    45.000   5     0.845    -3.707    -1.469
    46.000   5     0.845    -3.705    -1.467
    47.000   5     0.846    -3.702    -1.462
    48.000   5     0.843    -3.705    -1.473
    49.000   5     0.847    -3.693    -1.450
     0.000   6     0.892   -14.037    -8.370
     1.000   6     0.891   -14.028    -8.367
     2.000   6     0.891   -14.028    -8.364
     3.000   6     0.892   -14.015    -8.349
     4.000   6     0.891   -14.017    -8.353
     5.000   6     0.891   -14.015    -8.353
     6.000   6     0.891   -14.006    -8.347
     7.000   6     0.891   -13.997    -8.335
     8.000   6     0.890   -13.999    -8.343
     9.000   6     0.890   -13.995    -8.341
    10.000   6     0.889   -13.983    -8.335
    11.000   6     0.891   -13.975    -8.316
    12.000   6     0.890   -13.974    -8.318
    13.000   6     0.888   -13.968    -8.324
    14.000   6     0.889   -13.969    -8.320
    15.000   6     0.890   -13.954    -8.300
    16.000   6     0.889   -13.949    -8.302
    17.000   6     0.888   -13.950    -8.305
    18.000   6     0.890   -13.941    -8.285
    19.000   6     0.889   -13.935    -8.287
    20.000   6     0.888   -13.929    -8.288
    21.000   6     0.890   -13.923    -8.272
    22.000   6     0.888   -13.922    -8.278
    23.000   6     0.889   -13.913    -8.266
    24.000   6     0.889   -13.905    -8.258
    25.000   6     0.888   -13.899    -8.256
    26.000   6     0.888   -13.897    -8.254
    27.000   6     0.888   -13.897    -8.254
    28.000   6     0.888   -13.891    -8.252
    29.000   6     0.888   -13.878    -8.238
    30.000   6     0.887   -13.878    -8.241
    31.000   6     0.887   -13.878    -8.244
    32.000   6     0.887   -13.869    -8.233
    33.000   6     0.887   -13.859    -8.220
    34.000   6     0.887   -13.861    -8.222
    35.000   6     0.886   -13.848    -8.219
    36.000   6     0.887   -13.844    -8.208
    37.000   6     0.887   -13.834    -8.197
    38.000   6     0.887   -13.835    -8.198
    39.000   6     0.886   -13.827    -8.198
    40.000   6     0.886   -13.822    -8.189
    41.000   6     0.886   -13.818    -8.190
    42.000   6     0.888   -13.805    -8.164
    43.000   6     0.886   -13.809    -8.181
    44.000   6     0.885   -13.800    -8.179
    45.000   6     0.885   -13.796    -8.176
    46.000   6     0.884   -13.788    -8.168
    47.000   6     0.886   -13.786    -8.154
    48.000   6     0.885   -13.780    -8.156
    49.000   6     0.884   -13.772    -8.153
     0.000   7     0.843   -12.392    -7.431
     1.000   7     0.842   -12.385    -7.431
     2.000   7     0.843   -12.382    -7.418
     3.000   7     0.842   -12.377    -7.419
     4.000   7     0.842   -12.371    -7.416
     5.000   7     0.842   -12.368    -7.414
     6.000   7     0.841   -12.365    -7.415
     7.000   7     0.842   -12.359    -7.404
     8.000   7     0.841   -12.357    -7.409
     9.000   7     0.841   -12.350    -7.401
    10.000   7     0.841   -12.343    -7.394
    11.000   7     0.841   -12.336    -7.383
    12.000   7     0.841   -12.333    -7.382
    13.000   7     0.840   -12.332    -7.387
    14.000   7     0.840   -12.331    -7.386
    15.000   7     0.841   -12.320    -7.372
    16.000   7     0.841   -12.316    -7.368
    17.000   7     0.840   -12.315    -7.371
    18.000   7     0.840   -12.309    -7.363
    19.000   7     0.839   -12.305    -7.364
    20.000   7     0.839   -12.298    -7.361
    21.000   7     0.839   -12.296    -7.360
    22.000   7     0.839   -12.286    -7.345
    23.000   7     0.840   -12.284    -7.341
    24.000   7     0.840   -12.278    -7.335
    25.000   7     0.839   -12.273    -7.333
    26.000   7     0.839   -12.271    -7.334
    27.000   7     0.838   -12.270    -7.335
    28.000   7     0.838   -12.265    -7.331
    29.000   7     0.839   -12.256    -7.319
    30.000   7     0.838   -12.257    -7.325
    31.000   7     0.839   -12.249    -7.312
    32.000   7     0.838   -12.242    -7.308
    33.000   7     0.839   -12.236    -7.297
    34.000   7     0.839   -12.231    -7.295
    35.000   7     0.838   -12.229    -7.297
    36.000   7     0.837   -12.226    -7.300
    37.000   7     0.837   -12.219    -7.289
    38.000   7     0.838   -12.215    -7.279
    39.000   7     0.836   -12.213    -7.292
    40.000   7     0.838   -12.207    -7.277
    41.000   7     0.838   -12.201    -7.268
    42.000   7     0.837   -12.196    -7.270
    43.000   7     0.836   -12.196    -7.273
    44.000   7     0.836   -12.188    -7.264
    45.000   7     0.837   -12.186    -7.262
    46.000   7     0.837   -12.178    -7.251
    47.000   7     0.837   -12.174    -7.249
    48.000   7     0.836   -12.172    -7.249
    49.000   7     0.836   -12.167    -7.246
     0.000   8     0.852    -6.899    -3.645
     1.000   8     0.854    -6.888    -3.629
     2.000   8     0.853    -6.890    -3.634
     3.000   8     0.853    -6.886    -3.631
     4.000   8     0.852    -6.886    -3.634
     5.000   8     0.853    -6.880    -3.624
     6.000   8     0.852    -6.880    -3.626
     7.000   8     0.852    -6.874    -3.619
     8.000   8     0.852    -6.874    -3.622
     9.000   8     0.852    -6.869    -3.617
    10.000   8     0.853    -6.864    -3.610
    11.000   8     0.851    -6.862    -3.613
    12.000   8     0.851    -6.863    -3.615
    13.000   8     0.851    -6.859    -3.610
    14.000   8     0.851    -6.858    -3.608
    15.000   8     0.851    -6.852    -3.604
    16.000   8     0.851    -6.850    -3.602
    17.000   8     0.851    -6.843    -3.593
    18.000   8     0.852    -6.842    -3.590
    19.000   8     0.851    -6.838    -3.590
    20.000   8     0.852    -6.833    -3.581
    21.000   8     0.851    -6.833    -3.586
    22.000   8     0.850    -6.834    -3.589
    23.000   8     0.848    -6.832    -3.594
    24.000   8     0.850    -6.826    -3.582
    25.000   8     0.849    -6.827    -3.586
    26.000   8     0.850    -6.819    -3.573
    27.000   8     0.850    -6.818    -3.573
    28.000   8     0.849    -6.816    -3.576
    29.000   8     0.849    -6.813    -3.571
    30.000   8     0.849    -6.808    -3.568
    31.000   8     0.849    -6.808    -3.567
    32.000   8     0.850    -6.800    -3.557
    33.000   8     0.849    -6.800    -3.560
    34.000   8     0.848    -6.798    -3.560
    35.000   8     0.848    -6.799    -3.561
    36.000   8     0.848    -6.792    -3.553
    37.000   8     0.848    -6.790    -3.552
    38.000   8     0.848    -6.787    -3.549
    39.000   8     0.848    -6.784    -3.548
    40.000   8     0.848    -6.783    -3.547
    41.000   8     0.847    -6.780    -3.548
    42.000   8     0.847    -6.776    -3.542
    43.000   8     0.845    -6.774    -3.547
    44.000   8     0.846    -6.767    -3.536
    45.000   8     0.847    -6.767    -3.534
    46.000   8     0.847    -6.762    -3.527
    47.000   8     0.847    -6.759    -3.525
    48.000   8     0.847    -6.755    -3.520
    49.000   8     0.847    -6.753    -3.520
     0.000   9     0.838    -5.677    -2.820
     1.000   9     0.836    -5.673    -2.823
     2.000   9     0.837    -5.668    -2.815
     3.000   9     0.837    -5.670    -2.817
     4.000   9     0.837    -5.665    -2.812
     5.000   9     0.837    -5.663    -2.810
     6.000   9     0.836    -5.663    -2.813
     7.000   9     0.837    -5.660    -2.806
     8.000   9     0.836    -5.656    -2.804
     9.000   9     0.836    -5.653    -2.804
    10.000   9     0.836    -5.652    -2.803
    11.000   9     0.837    -5.649    -2.796
    12.000   9     0.836    -5.648    -2.800
    13.000   9     0.836    -5.644    -2.793
    14.000   9     0.836    -5.638    -2.788
    15.000   9     0.837    -5.636    -2.784
    16.000   9     0.835    -5.634    -2.789
    17.000   9     0.836    -5.635    -2.786
    18.000   9     0.834    -5.634    -2.791
    19.000   9     0.835    -5.625    -2.778
    20.000   9     0.835    -5.625    -2.777
    21.000   9     0.835    -5.617    -2.770
    22.000   9     0.834    -5.622    -2.778
    23.000   9     0.835    -5.619    -2.773
    24.000   9     0.833    -5.616    -2.776
    25.000   9     0.835    -5.610    -2.763
    26.000   9     0.834    -5.611    -2.767
    27.000   9     0.833    -5.609    -2.770
    28.000   9     0.834    -5.606    -2.763
    29.000   9     0.833    -5.603    -2.763
    30.000   9     0.834    -5.594    -2.751
    31.000   9     0.834    -5.599    -2.757
    32.000   9     0.835    -5.593    -2.749
    33.000   9     0.833    -5.592    -2.754
    34.000   9     0.832    -5.593    -2.756
    35.000   9     0.831    -5.591    -2.757
    36.000   9     0.833    -5.588    -2.750
    37.000   9     0.833    -5.584    -2.745
    38.000   9     0.832    -5.584    -2.747
    39.000   9     0.833    -5.577    -2.738
    40.000   9     0.833    -5.576    -2.738
    41.000   9     0.834    -5.568    -2.724
    42.000   9     0.831    -5.573    -2.741
    43.000   9     0.832    -5.573    -2.738
    44.000   9     0.833    -5.562    -2.722
    45.000   9     0.833    -5.564    -2.726
    46.000   9     0.831    -5.562    -2.729
    47.000   9     0.831    -5.561    -2.729
    48.000   9     0.831    -5.556    -2.722
    49.000   9     0.831    -5.554    -2.721
     0.000  10     0.856    -7.033    -3.745
     1.000  10     0.856    -7.034    -3.749
     2.000  10     0.855    -7.029    -3.746
     3.000  10     0.855    -7.024    -3.739
     4.000  10     0.855    -7.019    -3.735
     5.000  10     0.856    -7.014    -3.726
     6.000  10     0.854    -7.020    -3.742
     7.000  10     0.855    -7.010    -3.726
     8.000  10     0.855    -7.011    -3.729
     9.000  10     0.854    -7.005    -3.725
    10.000  10     0.854    -7.005    -3.725
    11.000  10     0.855    -6.998    -3.714
    12.000  10     0.854    -6.996    -3.715
    13.000  10     0.854    -6.996    -3.716
    14.000  10     0.854    -6.991    -3.712
    15.000  10     0.854    -6.987    -3.707
    16.000  10     0.854    -6.983    -3.703
    17.000  10     0.854    -6.980    -3.700
    18.000  10     0.854    -6.979    -3.700
    19.000  10     0.853    -6.979    -3.701
    20.000  10     0.853    -6.974    -3.699
    21.000  10     0.853    -6.967    -3.692
    22.000  10     0.853    -6.966    -3.690
    23.000  10     0.852    -6.969    -3.696
    24.000  10     0.854    -6.958    -3.680
    25.000  10     0.852    -6.956    -3.682
    26.000  10     0.853    -6.954    -3.680
    27.000  10     0.852    -6.956    -3.686
    28.000  10     0.852    -6.950    -3.679
    29.000  10     0.853    -6.947    -3.673
    30.000  10     0.852    -6.941    -3.671
    31.000  10     0.852    -6.936    -3.663
    32.000  10     0.852    -6.939    -3.668
    33.000  10     0.852    -6.932    -3.661
    34.000  10     0.851    -6.932    -3.665
    35.000  10     0.852    -6.925    -3.653
    36.000  10     0.851    -6.920    -3.653
    37.000  10     0.851    -6.920    -3.650
    38.000  10     0.851    -6.917    -3.648
    39.000  10     0.851    -6.913    -3.643
    40.000  10     0.850    -6.916    -3.652
    41.000  10     0.850    -6.915    -3.651
    42.000  10     0.850    -6.903    -3.640
    43.000  10     0.850    -6.904    -3.640
    44.000  10     0.850    -6.902    -3.636
    45.000  10     0.851    -6.893    -3.625
    46.000  10     0.848    -6.899    -3.643
    47.000  10     0.849    -6.894    -3.633
    48.000  10     0.849    -6.888    -3.627
    49.000  10     0.849    -6.886    -3.624
     0.000  11     0.867    -5.778    -2.844
     1.000  11     0.866    -5.777    -2.847
     2.000  11     0.867    -5.772    -2.841
     3.000  11     0.867    -5.769    -2.837
     4.000  11     0.867    -5.769    -2.839
     5.000  11     0.866    -5.769    -2.839
     6.000  11     0.866    -5.765    -2.836
     7.000  11     0.866    -5.760    -2.830
     8.000  11     0.865    -5.758    -2.832
     9.000  11     0.866    -5.756    -2.827
    10.000  11     0.866    -5.753    -2.825
    11.000  11     0.865    -5.750    -2.824
    12.000  11     0.865    -5.749    -2.824
    13.000  11     0.866    -5.744    -2.817
    14.000  11     0.865    -5.743    -2.817
    15.000  11     0.866    -5.738    -2.811
    16.000  11     0.864    -5.740    -2.817
    17.000  11     0.864    -5.736    -2.816
    18.000  11     0.865    -5.731    -2.807
    19.000  11     0.865    -5.728    -2.803
    20.000  11     0.864    -5.727    -2.806
    21.000  11     0.864    -5.727    -2.806
    22.000  11     0.863    -5.725    -2.807
    23.000  11     0.864    -5.718    -2.797
    24.000  11     0.864    -5.714    -2.792
    25.000  11     0.864    -5.712    -2.790
    26.000  11     0.863    -5.713    -2.796
    27.000  11     0.863    -5.712    -2.794
    28.000  11     0.863    -5.706    -2.786
    29.000  11     0.863    -5.702    -2.783
    30.000  11     0.864    -5.699    -2.779
    31.000  11     0.862    -5.702    -2.787
    32.000  11     0.863    -5.694    -2.777
    33.000  11     0.863    -5.689    -2.770
    34.000  11     0.863    -5.690    -2.774
    35.000  11     0.862    -5.688    -2.772
    36.000  11     0.862    -5.688    -2.774
    37.000  11     0.862    -5.682    -2.768
    38.000  11     0.862    -5.677    -2.762
    39.000  11     0.862    -5.677    -2.763
    40.000  11     0.861    -5.675    -2.763
    41.000  11     0.862    -5.670    -2.756
    42.000  11     0.861    -5.671    -2.758
    43.000  11     0.860    -5.670    -2.760
    44.000  11     0.861    -5.663    -2.752
    45.000  11     0.861    -5.660    -2.749
    46.000  11     0.861    -5.658    -2.745
    47.000  11     0.860    -5.657    -2.747
    48.000  11     0.860    -5.656    -2.747
    49.000  11     0.859    -5.654    -2.749
     0.000  12     0.862   -13.180    -7.956
     1.000  12     0.861   -13.175    -7.952
     2.000  12     0.861   -13.170    -7.948
     3.000  12     0.861   -13.166    -7.945
     4.000  12     0.862   -13.156    -7.933
     5.000  12     0.860   -13.155    -7.941
     6.000  12     0.861   -13.153    -7.935
     7.000  12     0.860   -13.148    -7.934
     8.000  12     0.861   -13.138    -7.917
     9.000  12     0.860   -13.133    -7.921
    10.000  12     0.860   -13.133    -7.918
    11.000  12     0.860   -13.122    -7.910
    12.000  12     0.861   -13.114    -7.896
    13.000  12     0.859   -13.116    -7.907
    14.000  12     0.859   -13.111    -7.901
    15.000  12     0.860   -13.103    -7.892
    16.000  12     0.859   -13.101    -7.892
    17.000  12     0.859   -13.095    -7.885
    18.000  12     0.858   -13.088    -7.884
    19.000  12     0.859   -13.085    -7.880
    20.000  12     0.859   -13.082    -7.876
    21.000  12     0.859   -13.076    -7.869
    22.000  12     0.859   -13.069    -7.861
    23.000  12     0.859   -13.065    -7.859
    24.000  12     0.858   -13.062    -7.859
    25.000  12     0.858   -13.057    -7.854
    26.000  12     0.858   -13.052    -7.852
    27.000  12     0.858   -13.044    -7.845
    28.000  12     0.858   -13.039    -7.838
    29.000  12     0.857   -13.034    -7.836
    30.000  12     0.857   -13.029    -7.830
    31.000  12     0.857   -13.024    -7.827
    32.000  12     0.857   -13.022    -7.828
    33.000  12     0.857   -13.018    -7.824
    34.000  12     0.858   -13.010    -7.811
    35.000  12     0.856   -13.010    -7.821
    36.000  12     0.856   -13.000    -7.809
    37.000  12     0.856   -12.998    -7.807
    38.000  12     0.856   -12.990    -7.802
    39.000  12     0.856   -12.987    -7.798
    40.000  12     0.856   -12.977    -7.785
    41.000  12     0.856   -12.979    -7.791
    42.000  12     0.856   -12.970    -7.782
    43.000  12     0.856   -12.964    -7.776
    44.000  12     0.856   -12.960    -7.771
    45.000  12     0.855   -12.958    -7.776
    46.000  12     0.855   -12.950    -7.767
    47.000  12     0.855   -12.946    -7.762
    48.000  12     0.854   -12.942    -7.763
    49.000  12     0.855   -12.937    -7.752
     0.000  13     0.872    -6.420    -3.302
     1.000  13     0.870    -6.422    -3.310
     2.000  13     0.872    -6.411    -3.293
     3.000  13     0.872    -6.410    -3.291
     4.000  13     0.872    -6.409    -3.293
     5.000  13     0.873    -6.403    -3.281
     6.000  13     0.870    -6.406    -3.295
     7.000  13     0.872    -6.394    -3.275
     8.000  13     0.871    -6.397    -3.284
     9.000  13     0.870    -6.395    -3.284
    10.000  13     0.871    -6.391    -3.278
    11.000  13     0.870    -6.393    -3.283
    12.000  13     0.870    -6.385    -3.275
    13.000  13     0.869    -6.392    -3.285
    14.000  13     0.871    -6.379    -3.266
    15.000  13     0.869    -6.380    -3.273
    16.000  13     0.871    -6.372    -3.259
    17.000  13     0.871    -6.366    -3.252
    18.000  13     0.869    -6.371    -3.262
    19.000  13     0.869    -6.369    -3.260
    20.000  13     0.870    -6.361    -3.250
    21.000  13     0.869    -6.361    -3.254
    22.000  13     0.870    -6.353    -3.242
    23.000  13     0.868    -6.359    -3.254
    24.000  13     0.869    -6.352    -3.247
    25.000  13     0.869    -6.347    -3.240
    26.000  13     0.868    -6.346    -3.244
    27.000  13     0.870    -6.341    -3.231
    28.000  13     0.868    -6.340    -3.236
    29.000  13     0.869    -6.338    -3.230
    30.000  13     0.867    -6.339    -3.238
    31.000  13     0.868    -6.330    -3.228
    32.000  13     0.869    -6.329    -3.223
    33.000  13     0.867    -6.326    -3.226
    34.000  13     0.867    -6.322    -3.221
    35.000  13     0.867    -6.323    -3.225
    36.000  13     0.867    -6.315    -3.214
    37.000  13     0.868    -6.313    -3.210
    38.000  13     0.867    -6.314    -3.214
    39.000  13     0.867    -6.310    -3.209
    40.000  13     0.867    -6.307    -3.206
    41.000  13     0.866    -6.305    -3.211
    42.000  13     0.866    -6.302    -3.205
    43.000  13     0.866    -6.296    -3.202
    44.000  13     0.866    -6.301    -3.206
    45.000  13     0.865    -6.297    -3.203
    46.000  13     0.865    -6.292    -3.201
    47.000  13     0.866    -6.285    -3.187
    48.000  13     0.863    -6.288    -3.201
    49.000  13     0.865    -6.283    -3.191
     0.000  14     0.874   -11.096    -6.506
     1.000  14     0.874   -11.093    -6.505
     2.000  14     0.873   -11.088    -6.503
     3.000  14     0.874   -11.084    -6.496
     4.000  14     0.874   -11.081    -6.495
     5.000  14     0.874   -11.075    -6.489
     6.000  14     0.874   -11.071    -6.485
     7.000  14     0.872   -11.068    -6.490
     8.000  14     0.873   -11.065    -6.483
     9.000  14     0.872   -11.061    -6.485
    10.000  14     0.873   -11.056    -6.476
    11.000  14     0.872   -11.052    -6.473
    12.000  14     0.873   -11.045    -6.465
    13.000  14     0.872   -11.043    -6.465
    14.000  14     0.872   -11.038    -6.461
    15.000  14     0.872   -11.034    -6.459
    16.000  14     0.872   -11.031    -6.455
    17.000  14     0.872   -11.024    -6.449
    18.000  14     0.872   -11.020    -6.445
    19.000  14     0.871   -11.018    -6.447
    20.000  14     0.871   -11.014    -6.443
    21.000  14     0.871   -11.007    -6.435
    22.000  14     0.871   -11.000    -6.427
    23.000  14     0.871   -10.998    -6.426
    24.000  14     0.871   -10.995    -6.424
    25.000  14     0.870   -10.987    -6.419
    26.000  14     0.870   -10.986    -6.417
    27.000  14     0.870   -10.981    -6.412
    28.000  14     0.870   -10.977    -6.411
    29.000  14     0.869   -10.977    -6.414
    30.000  14     0.870   -10.965    -6.399
    31.000  14     0.869   -10.967    -6.407
    32.000  14     0.869   -10.958    -6.396
    33.000  14     0.869   -10.956    -6.396
    34.000  14     0.869   -10.950    -6.387
    35.000  14     0.869   -10.946    -6.384
    36.000  14     0.869   -10.942    -6.382
    37.000  14     0.868   -10.938    -6.383
    38.000  14     0.868   -10.937    -6.382
    39.000  14     0.868   -10.930    -6.376
    40.000  14     0.868   -10.922    -6.367
    41.000  14     0.868   -10.920    -6.363
    42.000  14     0.868   -10.914    -6.356
    43.000  14     0.867   -10.912    -6.359
    44.000  14     0.867   -10.906    -6.355
    45.000  14     0.867   -10.901    -6.348
    46.000  14     0.868   -10.899    -6.345
    47.000  14     0.867   -10.896    -6.346
    48.000  14     0.867   -10.889    -6.340
    49.000  14     0.867   -10.885    -6.335
