               0.000               0.000               0.576              67.793
               0.050               0.197               0.565              67.202
               0.100               0.363               0.556              67.005
               0.150               0.499               0.550              66.768
               0.200               0.611               0.542              66.468
               0.250               0.701               0.536              66.170
               0.300               0.772               0.525              65.587
               0.350               0.829               0.517              65.039
               0.400               0.868               0.510              64.646
               0.450               0.902               0.503              64.069
