     0.000   1     0.342    -7.169     6.839
     1.000   1     0.332    -4.601     8.180
     2.000   1     0.311    -2.516     9.239
     3.000   1     0.290    -0.705    10.008
     4.000   1     0.268     0.775    10.502
     5.000   1     0.245     1.932    10.679
     6.000   1     0.222     2.789    10.572
     7.000   1     0.197     3.331    10.160
     8.000   1     0.171     3.584     9.463
     9.000   1     0.146     3.596     8.554
    10.000   1     0.120     3.354     7.410
    11.000   1     0.095     2.925     6.124
    12.000   1     0.073     2.392     4.822
    13.000   1     0.053     1.813     3.572
    14.000   1     0.036     1.255     2.460
    15.000   1     0.029     0.940     1.970
    16.000   1     0.024     0.782     1.560
    17.000   1     0.018     0.562     1.110
    18.000   1     0.012     0.366     0.736
    19.000   1     0.008     0.216     0.459
     0.000   2     0.433    -0.324    13.996
     1.000   2     0.423     1.652    14.968
     2.000   2     0.393     3.149    15.694
     3.000   2     0.384     4.681    16.371
     4.000   2     0.363     5.821    16.737
     5.000   2     0.342     6.709    16.871
     6.000   2     0.320     7.375    16.783
     7.000   2     0.297     7.821    16.485
     8.000   2     0.274     8.065    15.974
     9.000   2     0.249     8.080    15.227
    10.000   2     0.224     7.909    14.288
    11.000   2     0.198     7.505    13.087
    12.000   2     0.170     6.890    11.673
    13.000   2     0.143     6.098    10.083
    14.000   2     0.115     5.106     8.288
    15.000   2     0.087     3.976     6.381
    16.000   2     0.063     2.932     4.667
    17.000   2     0.050     2.358     3.854
    18.000   2     0.031     1.403     2.220
    19.000   2     0.020     0.861     1.447
     0.000   3     0.306    -5.861     5.188
     1.000   3     0.298    -3.980     6.258
     2.000   3     0.280    -2.393     7.066
     3.000   3     0.262    -1.028     7.682
     4.000   3     0.244     0.098     8.086
     5.000   3     0.225     1.035     8.278
     6.000   3     0.204     1.722     8.232
     7.000   3     0.184     2.202     7.995
     8.000   3     0.163     2.474     7.553
     9.000   3     0.141     2.539     6.909
    10.000   3     0.120     2.456     6.137
    11.000   3     0.099     2.231     5.259
    12.000   3     0.079     1.873     4.270
    13.000   3     0.061     1.496     3.345
    14.000   3     0.046     1.111     2.484
    15.000   3     0.038     0.858     2.094
    16.000   3     0.026     0.578     1.323
    17.000   3     0.018     0.303     0.898
    18.000   3     0.016     0.258     0.724
    19.000   3     0.012     0.169     0.515
     0.000   4     0.328    -4.711     9.701
     1.000   4     0.311    -2.480    10.858
     2.000   4     0.303    -0.393    11.939
     3.000   4     0.285     1.331    12.677
     4.000   4     0.267     2.682    13.152
     5.000   4     0.248     3.753    13.319
     6.000   4     0.228     4.543    13.227
     7.000   4     0.207     5.038    12.807
     8.000   4     0.184     5.248    12.099
     9.000   4     0.161     5.204    11.125
    10.000   4     0.137     4.906     9.894
    11.000   4     0.112     4.396     8.477
    12.000   4     0.089     3.715     6.922
    13.000   4     0.067     2.925     5.339
    14.000   4     0.048     2.128     3.850
    15.000   4     0.033     1.412     2.574
    16.000   4     0.026     1.069     2.063
    17.000   4     0.021     0.844     1.580
    18.000   4     0.015     0.586     1.107
    19.000   4     0.010     0.352     0.696
     0.000   5     0.331    -5.091     5.224
     1.000   5     0.314    -3.345     6.330
     2.000   5     0.295    -1.854     7.046
     3.000   5     0.286    -0.355     7.818
     4.000   5     0.267     0.714     8.283
     5.000   5     0.248     1.642     8.580
     6.000   5     0.229     2.364     8.689
     7.000   5     0.209     2.891     8.607
     8.000   5     0.189     3.243     8.363
     9.000   5     0.169     3.401     7.932
    10.000   5     0.147     3.382     7.314
    11.000   5     0.127     3.233     6.591
    12.000   5     0.106     2.941     5.731
    13.000   5     0.085     2.483     4.712
    14.000   5     0.066     1.983     3.697
    15.000   5     0.049     1.498     2.766
    16.000   5     0.040     1.182     2.304
    17.000   5     0.026     0.767     1.415
    18.000   5     0.018     0.465     0.973
    19.000   5     0.015     0.370     0.751
     0.000   6     0.263    -8.183     7.484
     1.000   6     0.255    -5.301     9.082
     2.000   6     0.239    -3.018    10.190
     3.000   6     0.222    -1.105    10.969
     4.000   6     0.205     0.421    11.392
     5.000   6     0.188     1.631    11.497
     6.000   6     0.169     2.425    11.184
     7.000   6     0.149     2.923    10.578
     8.000   6     0.128     3.106     9.639
     9.000   6     0.108     3.031     8.465
    10.000   6     0.087     2.706     7.058
    11.000   6     0.067     2.244     5.607
    12.000   6     0.050     1.712     4.209
    13.000   6     0.037     1.236     3.041
    14.000   6     0.025     0.794     2.049
    15.000   6     0.017     0.410     1.238
    16.000   6     0.013     0.222     0.942
    17.000   6     0.011     0.187     0.744
    18.000   6     0.009     0.105     0.512
    19.000   6     0.006     0.002     0.281
     0.000   7     0.273    -9.921     5.202
     1.000   7     0.264    -7.214     6.746
     2.000   7     0.247    -5.035     7.855
     3.000   7     0.230    -3.134     8.676
     4.000   7     0.212    -1.548     9.220
     5.000   7     0.194    -0.252     9.460
     6.000   7     0.175     0.742     9.428
     7.000   7     0.155     1.428     9.068
     8.000   7     0.136     1.858     8.483
     9.000   7     0.116     2.045     7.688
    10.000   7     0.097     2.023     6.723
    11.000   7     0.080     1.857     5.688
    12.000   7     0.063     1.558     4.590
    13.000   7     0.049     1.235     3.590
    14.000   7     0.037     0.878     2.645
    15.000   7     0.027     0.565     1.867
    16.000   7     0.023     0.300     1.451
    17.000   7     0.016     0.199     0.920
    18.000   7     0.012    -0.023     0.567
    19.000   7     0.010    -0.031     0.437
     0.000   8     0.466    -2.273    16.601
     1.000   8     0.455     0.368    17.960
     2.000   8     0.435     2.609    19.162
     3.000   8     0.414     4.569    20.054
     4.000   8     0.392     6.146    20.604
     5.000   8     0.369     7.439    20.854
     6.000   8     0.345     8.399    20.753
     7.000   8     0.318     9.026    20.309
     8.000   8     0.290     9.361    19.535
     9.000   8     0.259     9.363    18.384
    10.000   8     0.227     9.051    16.902
    11.000   8     0.194     8.438    15.110
    12.000   8     0.161     7.572    13.087
    13.000   8     0.130     6.523    10.945
    14.000   8     0.100     5.286     8.678
    15.000   8     0.073     3.999     6.465
    16.000   8     0.050     2.821     4.513
    17.000   8     0.039     2.247     3.686
    18.000   8     0.032     1.766     2.830
    19.000   8     0.023     1.267     2.008
     0.000   9     0.395    -1.461    13.102
     1.000   9     0.378     0.563    14.352
     2.000   9     0.369     2.462    15.197
     3.000   9     0.350     3.983    15.900
     4.000   9     0.332     5.221    16.351
     5.000   9     0.313     6.242    16.599
     6.000   9     0.293     6.977    16.573
     7.000   9     0.272     7.483    16.306
     8.000   9     0.250     7.760    15.801
     9.000   9     0.227     7.796    15.029
    10.000   9     0.202     7.583    13.981
    11.000   9     0.176     7.140    12.683
    12.000   9     0.150     6.509    11.200
    13.000   9     0.123     5.652     9.488
    14.000   9     0.098     4.707     7.744
    15.000   9     0.073     3.616     5.878
    16.000   9     0.052     2.615     4.223
    17.000   9     0.042     2.089     3.476
    18.000   9     0.026     1.255     2.018
    19.000   9     0.016     0.752     1.298
     0.000  10     0.283    -6.681     4.682
     1.000  10     0.275    -4.585     5.868
     2.000  10     0.257    -2.863     6.759
     3.000  10     0.240    -1.389     7.446
     4.000  10     0.222    -0.141     7.915
     5.000  10     0.204     0.854     8.128
     6.000  10     0.185     1.602     8.140
     7.000  10     0.166     2.122     7.910
     8.000  10     0.147     2.440     7.499
     9.000  10     0.127     2.537     6.874
    10.000  10     0.107     2.481     6.125
    11.000  10     0.088     2.265     5.253
    12.000  10     0.071     1.935     4.303
    13.000  10     0.054     1.547     3.360
    14.000  10     0.040     1.139     2.476
    15.000  10     0.033     0.863     2.055
    16.000  10     0.022     0.579     1.291
    17.000  10     0.015     0.288     0.841
    18.000  10     0.013     0.239     0.668
    19.000  10     0.010     0.155     0.471
     0.000  11     0.292    -5.257     5.455
     1.000  11     0.284    -3.385     6.487
     2.000  11     0.267    -1.829     7.288
     3.000  11     0.251    -0.522     7.889
     4.000  11     0.233     0.582     8.282
     5.000  11     0.215     1.468     8.461
     6.000  11     0.197     2.122     8.436
     7.000  11     0.178     2.565     8.196
     8.000  11     0.158     2.802     7.753
     9.000  11     0.138     2.853     7.130
    10.000  11     0.117     2.704     6.303
    11.000  11     0.096     2.419     5.367
    12.000  11     0.077     2.041     4.378
    13.000  11     0.059     1.599     3.379
    14.000  11     0.044     1.184     2.500
    15.000  11     0.036     0.893     2.058
    16.000  11     0.024     0.593     1.284
    17.000  11     0.016     0.293     0.827
    18.000  11     0.014     0.248     0.662
    19.000  11     0.010     0.152     0.453
     0.000  12     0.351    -8.009    11.718
     1.000  12     0.342    -4.834    13.402
     2.000  12     0.323    -2.146    14.738
     3.000  12     0.303     0.126    15.696
     4.000  12     0.283     2.003    16.270
     5.000  12     0.261     3.456    16.425
     6.000  12     0.237     4.521    16.171
     7.000  12     0.213     5.215    15.529
     8.000  12     0.186     5.500    14.461
     9.000  12     0.160     5.460    13.079
    10.000  12     0.133     5.078    11.364
    11.000  12     0.106     4.465     9.490
    12.000  12     0.083     3.738     7.633
    13.000  12     0.062     2.914     5.807
    14.000  12     0.044     2.138     4.211
    15.000  12     0.031     1.452     2.875
    16.000  12     0.024     1.074     2.294
    17.000  12     0.020     0.873     1.799
    18.000  12     0.015     0.643     1.320
    19.000  12     0.011     0.403     0.869
     0.000  13     0.415    -3.366    13.068
     1.000  13     0.394    -0.854    14.464
     2.000  13     0.373     1.311    15.562
     3.000  13     0.363     3.110    16.040
     4.000  13     0.341     4.618    16.576
     5.000  13     0.319     5.794    16.794
     6.000  13     0.296     6.652    16.688
     7.000  13     0.271     7.192    16.266
     8.000  13     0.244     7.449    15.542
     9.000  13     0.215     7.376    14.451
    10.000  13     0.186     7.021    13.069
    11.000  13     0.155     6.419    11.451
    12.000  13     0.125     5.530     9.541
    13.000  13     0.096     4.487     7.545
    14.000  13     0.069     3.366     5.556
    15.000  13     0.046     2.261     3.698
    16.000  13     0.035     1.758     2.960
    17.000  13     0.028     1.351     2.213
    18.000  13     0.020     0.936     1.515
    19.000  13     0.013     0.576     0.937
     0.000  14     0.279    -7.878     6.081
     1.000  14     0.271    -5.362     7.497
     2.000  14     0.255    -3.343     8.551
     3.000  14     0.238    -1.592     9.326
     4.000  14     0.220    -0.163     9.808
     5.000  14     0.202     0.988    10.014
     6.000  14     0.183     1.827     9.919
     7.000  14     0.164     2.415     9.575
     8.000  14     0.143     2.715     8.925
     9.000  14     0.123     2.796     8.086
    10.000  14     0.103     2.660     7.052
    11.000  14     0.083     2.356     5.893
    12.000  14     0.065     1.956     4.722
    13.000  14     0.050     1.516     3.611
    14.000  14     0.036     1.092     2.629
    15.000  14     0.026     0.699     1.786
    16.000  14     0.021     0.471     1.434
    17.000  14     0.014     0.271     0.834
    18.000  14     0.010     0.052     0.494
    19.000  14     0.008     0.024     0.363
