     0.000   1     0.584    -0.891     1.359
     1.000   1     0.572    -0.765     1.438
     2.000   1     0.558    -0.641     1.510
     3.000   1     0.545    -0.529     1.571
     4.000   1     0.529    -0.429     1.612
     5.000   1     0.516    -0.331     1.659
     6.000   1     0.502    -0.244     1.689
     7.000   1     0.484    -0.166     1.700
     8.000   1     0.467    -0.087     1.714
     9.000   1     0.452    -0.023     1.720
    10.000   1     0.433     0.038     1.706
    11.000   1     0.415     0.097     1.697
    12.000   1     0.397     0.147     1.676
    13.000   1     0.376     0.194     1.643
    14.000   1     0.358     0.226     1.607
    15.000   1     0.341     0.271     1.584
    16.000   1     0.322     0.287     1.526
    17.000   1     0.305     0.310     1.486
    18.000   1     0.285     0.327     1.425
    19.000   1     0.266     0.345     1.371
    20.000   1     0.249     0.349     1.309
    21.000   1     0.231     0.353     1.242
    22.000   1     0.213     0.350     1.170
    23.000   1     0.201     0.350     1.126
    24.000   1     0.185     0.349     1.061
    25.000   1     0.164     0.333     0.965
    26.000   1     0.154     0.312     0.905
    27.000   1     0.136     0.302     0.828
    28.000   1     0.125     0.287     0.769
    29.000   1     0.110     0.255     0.679
    30.000   1     0.101     0.249     0.636
    31.000   1     0.089     0.222     0.565
    32.000   1     0.084     0.213     0.538
    33.000   1     0.069     0.174     0.441
    34.000   1     0.062     0.156     0.395
    35.000   1     0.052     0.132     0.330
    36.000   1     0.047     0.120     0.300
    37.000   1     0.038     0.094     0.240
    38.000   1     0.032     0.080     0.203
    39.000   1     0.023     0.053     0.140
    40.000   1     0.020     0.042     0.118
    41.000   1     0.013     0.025     0.074
    42.000   1     0.013     0.023     0.071
    43.000   1     0.010     0.014     0.052
    44.000   1     0.008     0.009     0.039
    45.000   1     0.007     0.007     0.034
    46.000   1     0.004    -0.000     0.015
    47.000   1     0.003    -0.003     0.009
    48.000   1     0.003    -0.004     0.008
    49.000   1     0.003    -0.002     0.009
     0.000   2     0.634    -0.083     1.880
     1.000   2     0.626     0.033     1.971
     2.000   2     0.615     0.112     2.017
