    0.0000   1    0.5859   -0.5477    0.0799
    0.0000   1    0.5855   -0.5492    0.0799
    0.0000   1    0.5860   -0.5472    0.0799
    0.0000   1    0.5860   -0.5460    0.0798
    0.0000   1    0.5856   -0.5474    0.0799
    0.0000   1    0.5858   -0.5452    0.0798
    0.0000   1    0.5862   -0.5464    0.0798
    0.0000   1    0.5856   -0.5482    0.0799
    0.0000   1    0.5860   -0.5479    0.0799
    0.0000   1    0.5859   -0.5474    0.0799
    0.0000   1    0.5859   -0.5497    0.0800
    0.0000   1    0.5859   -0.5481    0.0799
    0.0000   1    0.5859   -0.5460    0.0799
    0.0000   1    0.5862   -0.5456    0.0798
    0.0000   1    0.5863   -0.5469    0.0798
    0.0000   1    0.5858   -0.5486    0.0799
    0.0000   1    0.5861   -0.5482    0.0799
    0.0000   1    0.5862   -0.5467    0.0799
    0.0000   1    0.5863   -0.5457    0.0798
    0.0000   1    0.5864   -0.5451    0.0798
    0.0000   1    0.5862    0.6264    0.0112
    0.0000   1    0.2482    0.9046    0.0115
    0.0000   1    0.2458    0.8890    0.0117
    0.0000   1    0.2432    0.8751    0.0119
    0.0000   1    0.2408    0.8620    0.0121
    0.0000   1    0.2389    0.8512    0.0123
    0.0000   1    0.2369    0.8403    0.0124
    0.0000   1    0.2355    0.8319    0.0125
    0.0000   1    0.2340    0.8238    0.0126
    0.0000   1    0.2328    0.8170    0.0127
    0.0000   1    0.2318    0.8106    0.0128
    0.0000   1    0.2308    0.8052    0.0129
    0.0000   1    0.2299    0.8000    0.0130
    0.0000   1    0.2292    0.7955    0.0131
    0.0000   1    0.2283    0.7911    0.0131
    0.0000   1    0.2276    0.7868    0.0132
    0.0000   1    0.2271    0.7832    0.0132
    0.0000   1    0.2265    0.7795    0.0133
    0.0000   1    0.2259    0.7769    0.0133
    0.0000   1    0.2254    0.7735    0.0134
    0.0000   1    0.2250    0.7714    0.0134
    0.0000   1    0.2246    0.7695    0.0135
    0.0000   1    0.2244    0.7676    0.0135
    0.0000   1    0.2240    0.7656    0.0135
    0.0000   1    0.2237    0.7636    0.0135
    0.0000   1    0.2234    0.7614    0.0136
    0.0000   1    0.2231    0.7602    0.0136
    0.0000   1    0.2229    0.7589    0.0136
    0.0000   1    0.2228    0.7580    0.0136
    0.0000   1    0.2225    0.7565    0.0136
    0.0000   1    0.2224    0.7558    0.0137
    0.0000   1    0.2222    0.7546    0.0137
    0.0000   1    0.2222    0.7540    0.0137
    0.0000   1    0.2220    0.7529    0.0137
    0.0000   1    0.2218    0.7523    0.0137
    0.0000   1    0.2217    0.7515    0.0137
    0.0000   1    0.2216    0.7506    0.0137
    0.0000   1    0.2214    0.7502    0.0138
    0.0000   1    0.2216    0.7505    0.0138
    0.0000   1    0.2214    0.7494    0.0138
    0.0000   1    0.2212    0.7481    0.0138
    0.0000   1    0.2211    0.7476    0.0138
    0.0000   1    0.2211    0.7476    0.0138
    0.0000   1    0.2211    0.7470    0.0138
    0.0000   1    0.2209    0.7467    0.0138
    0.0000   1    0.2209    0.7465    0.0138
    0.0000   1    0.2209    0.7463    0.0138
    0.0000   1    0.2208    0.7456    0.0138
    0.0000   1    0.2208    0.7457    0.0138
    0.0000   1    0.2205    0.7451    0.0138
    0.0000   1    0.2207    0.7451    0.0138
    0.0000   1    0.2205    0.7441    0.0138
    0.0000   1    0.2205    0.7446    0.0138
    0.0000   1    0.2205    0.7446    0.0138
    0.0000   1    0.2205    0.7441    0.0138
    0.0000   1    0.2205    0.7438    0.0139
    0.0000   1    0.2205    0.7438    0.0139
    0.0000   1    0.2206    0.7442    0.0138
    0.0000   1    0.2205    0.7441    0.0138
    0.0000   1    0.2204    0.7432    0.0139
    0.0000   1    0.2206    0.7441    0.0139
    0.0000   1    0.2206    0.7445    0.0138
    0.0000   1    0.2205    0.7442    0.0138
    0.0000   1    0.2207    0.7452    0.0138
    0.0000   1    0.2206    0.7449    0.0138
    0.0000   1    0.2206    0.7446    0.0138
    0.0000   1    0.2208    0.7452    0.0138
    0.0000   1    0.2207    0.7450    0.0138
    0.0000   1    0.2207    0.7449    0.0138
    0.0000   1    0.2206    0.7446    0.0138
    0.0000   1    0.2206    0.7445    0.0138
    0.0000   1    0.2206    0.7445    0.0139
    0.0000   1    0.2206    0.7446    0.0138
    0.0000   1    0.2206    0.7439    0.0139
    0.0000   1    0.2206    0.7445    0.0138
    0.0000   1    0.2206    0.7447    0.0138
    0.0000   1    0.2205    0.7441    0.0139
    0.0000   1    0.2205    0.7445    0.0138
    0.0000   1    0.2205    0.7441    0.0139
    0.0000   1    0.2205    0.7443    0.0139
    0.0000   1    0.2205    0.7438    0.0139
    0.0000   1    0.2205    0.7441    0.0139
    0.0000   1    0.2206    0.7445    0.0138
    0.0000   1    0.2205    0.7444    0.0138
    0.0000   1    0.2206    0.7443    0.0138
    0.0000   1    0.2206    0.7447    0.0138
    0.0000   1    0.2207    0.7450    0.0138
    0.0000   1    0.2205    0.7445    0.0138
    0.0000   1    0.2205    0.7439    0.0138
    0.0000   1    0.2206    0.7441    0.0139
    0.0000   1    0.2207    0.7447    0.0138
    0.0000   1    0.2205    0.7440    0.0139
    0.0000   1    0.2205    0.7441    0.0139
    0.0000   1    0.2204    0.7433    0.0139
    0.0000   1    0.2203    0.7435    0.0139
    0.0000   1    0.2205    0.7438    0.0139
    0.0000   1    0.2205    0.7444    0.0138
    0.0000   1    0.2205    0.7443    0.0138
    0.0000   1    0.2204    0.7435    0.0139
    0.0000   1    0.2205    0.7443    0.0138
    0.0000   1    0.2204    0.7439    0.0138
    0.0000   1    0.2206    0.7444    0.0138
    0.0000   1    0.2205    0.7440    0.0138
    0.0000   1    0.2206    0.7443    0.0138
    0.0000   1    0.2205    0.7446    0.0138
    0.0000   1    0.2205    0.7446    0.0138
    0.0000   1    0.2206    0.7442    0.0138
    0.0000   1    0.2206    0.7448    0.0138
    0.0000   1    0.2206    0.7444    0.0138
    0.0000   1    0.2206    0.7447    0.0138
    0.0000   1    0.2207    0.7446    0.0138
    0.0000   1    0.2206    0.7447    0.0138
    0.0000   1    0.2207    0.7452    0.0138
    0.0000   1    0.2206    0.7445    0.0138
    0.0000   1    0.2206    0.7446    0.0138
    0.0000   1    0.2204    0.7435    0.0139
    0.0000   1    0.2204    0.7436    0.0139
    0.0000   1    0.2204    0.7431    0.0139
    0.0000   1    0.2202    0.7426    0.0139
    0.0000   1    0.2203    0.7429    0.0139
    0.0000   1    0.2204    0.7433    0.0139
    0.0000   1    0.2202    0.7430    0.0139
    0.0000   1    0.2203    0.7429    0.0139
    0.0000   1    0.2204    0.7434    0.0139
    0.0000   1    0.2204    0.7439    0.0139
    0.0000   1    0.2206    0.7446    0.0138
    0.0000   1    0.2206    0.7445    0.0138
    0.0000   1    0.2206    0.7446    0.0138
    0.0000   1    0.2205    0.7445    0.0138
    0.0000   1    0.2205    0.7445    0.0138
    0.0000   1    0.2206    0.7448    0.0138
    0.0000   1    0.2206    0.7444    0.0138
    0.0000   1    0.2206    0.7443    0.0138
    0.0000   1    0.2206    0.7449    0.0138
    0.0000   1    0.2205    0.7445    0.0138
    0.0000   1    0.2205    0.7443    0.0138
    0.0000   1    0.2205    0.7440    0.0138
    0.0000   1    0.2206    0.7442    0.0138
    0.0000   1    0.2205    0.7442    0.0139
    0.0000   1    0.2206    0.7446    0.0138
    0.0000   1    0.2207    0.7451    0.0138
    0.0000   1    0.2207    0.7451    0.0138
    0.0000   1    0.2209    0.7457    0.0138
    0.0000   1    0.2208    0.7453    0.0138
    0.0000   1    0.2206    0.7451    0.0138
    0.0000   1    0.2206    0.7446    0.0138
    0.0000   1    0.2206    0.7453    0.0138
    0.0000   1    0.2207    0.7448    0.0138
    0.0000   1    0.2206    0.7449    0.0138
    0.0000   1    0.2207    0.7454    0.0138
    0.0000   1    0.2207    0.7452    0.0138
    0.0000   1    0.2206    0.7449    0.0138
    0.0000   1    0.2207    0.7448    0.0138
    0.0000   1    0.2206    0.7445    0.0139
    0.0000   1    0.2207    0.7453    0.0138
    0.0000   1    0.2207    0.7454    0.0138
    0.0000   1    0.2208    0.7451    0.0138
    0.0000   1    0.2206    0.7445    0.0138
    0.0000   1    0.2206    0.7444    0.0138
    0.0000   1    0.2205    0.7444    0.0138
    0.0000   1    0.2205    0.7443    0.0138
    0.0000   1    0.2205    0.7442    0.0139
    0.0000   1    0.2206    0.7446    0.0138
    0.0000   1    0.2205    0.7445    0.0138
    0.0000   1    0.2207    0.7447    0.0138
    0.0000   1    0.2206    0.7448    0.0138
    0.0000   1    0.2206    0.7452    0.0138
    0.0000   1    0.2206    0.7447    0.0138
    0.0000   1    0.2207    0.7450    0.0138
    0.0000   1    0.2206    0.7446    0.0138
    0.0000   1    0.2207    0.7453    0.0138
    0.0000   1    0.2206    0.7448    0.0138
    0.0000   1    0.2206    0.7448    0.0138
    0.0000   1    0.2206    0.7451    0.0138
    0.0000   1    0.2207    0.7451    0.0138
    0.0000   1    0.2207    0.7454    0.0138
    0.0000   1    0.2208    0.7460    0.0138
    0.0000   1    0.2207    0.7453    0.0138
    0.0000   1    0.2207    0.7453    0.0138
    0.0000   1    0.2206    0.7450    0.0138
    0.0000   1    0.2206    0.7449    0.0138
    0.0000   1    0.2206    0.7450    0.0138
    0.0000   1    0.2208    0.7457    0.0138
    0.0000   1    0.2208    0.7461    0.0138
    0.0000   1    0.2209    0.7463    0.0138
    0.0000   1    0.2208    0.7461    0.0138
    0.0000   1    0.2208    0.7460    0.0138
    0.0000   1    0.2207    0.7453    0.0138
    0.0000   1    0.2207    0.7452    0.0138
    0.0000   1    0.2208    0.7457    0.0138
    0.0000   1    0.2207    0.7456    0.0138
    0.0000   1    0.2207    0.7454    0.0138
    0.0000   1    0.2207    0.7455    0.0138
    0.0000   1    0.2208    0.7450    0.0138
    0.0000   1    0.2208    0.7455    0.0138
    0.0000   1    0.2207    0.7454    0.0138
    0.0000   1    0.2208    0.7455    0.0138
    0.0000   1    0.2207    0.7454    0.0138
    0.0000   1    0.2207    0.7453    0.0138
    0.0000   1    0.2207    0.7451    0.0138
    0.0000   1    0.2207    0.7456    0.0138
    0.0000   1    0.2208    0.7457    0.0138
    0.0000   1    0.2207    0.7453    0.0138
    0.0000   1    0.2207    0.7453    0.0138
    0.0000   1    0.2206    0.7448    0.0138
    0.0000   1    0.2206    0.7443    0.0138
    0.0000   1    0.2207    0.7448    0.0138
    0.0000   1    0.2206    0.7442    0.0138
    0.0000   1    0.2206    0.7448    0.0138
    0.0000   1    0.2206    0.7445    0.0138
    0.0000   1    0.2207    0.7448    0.0138
    0.0000   1    0.2207    0.7445    0.0138
    0.0000   1    0.2206    0.7444    0.0138
    0.0000   1    0.2205    0.7440    0.0139
    0.0000   1    0.2206    0.7441    0.0139
    0.0000   1    0.2205    0.7443    0.0138
    0.0000   1    0.2206    0.7445    0.0138
    0.0000   1    0.2205    0.7441    0.0139
    0.0000   1    0.2205    0.7442    0.0138
    0.0000   1    0.2205    0.7437    0.0139
    0.0000   1    0.2205    0.7435    0.0139
    0.0000   1    0.2204    0.7435    0.0139
    0.0000   1    0.2204    0.7437    0.0139
    0.0000   1    0.2205    0.7440    0.0138
    0.0000   1    0.2205    0.7439    0.0139
    0.0000   1    0.2205    0.7434    0.0139
    0.0000   1    0.2204    0.7436    0.0139
    0.0000   1    0.2205    0.7438    0.0139
    0.0000   1    0.2205    0.7438    0.0139
    0.0000   1    0.2204    0.7434    0.0139
    0.0000   1    0.2205    0.7438    0.0139
    0.0000   1    0.2205    0.7438    0.0139
    0.0000   1    0.2206    0.7441    0.0139
    0.0000   1    0.2206    0.7446    0.0139
    0.0000   1    0.2206    0.7444    0.0138
    0.0000   1    0.2207    0.7450    0.0138
    0.0000   1    0.2207    0.7449    0.0138
    0.0000   1    0.2206    0.7447    0.0138
    0.0000   1    0.2206    0.7446    0.0138
    0.0000   1    0.2205    0.7438    0.0139
    0.0000   1    0.2204    0.7435    0.0139
    0.0000   1    0.2204    0.7435    0.0139
    0.0000   1    0.2204    0.7439    0.0139
    0.0000   1    0.2206    0.7441    0.0139
    0.0000   1    0.2204    0.7435    0.0138
    0.0000   1    0.2204    0.7438    0.0139
    0.0000   1    0.2205    0.7438    0.0139
    0.0000   1    0.2205    0.7440    0.0139
    0.0000   1    0.2205    0.7434    0.0139
    0.0000   1    0.2203    0.7429    0.0139
    0.0000   1    0.2203    0.7431    0.0139
    0.0000   1    0.2204    0.7434    0.0139
    0.0000   1    0.2205    0.7437    0.0139
    0.0000   1    0.2204    0.7437    0.0139
    0.0000   1    0.2204    0.7433    0.0139
    0.0000   1    0.2204    0.7430    0.0139
    0.0000   1    0.2203    0.7430    0.0139
    0.0000   1    0.2204    0.7429    0.0139
    0.0000   1    0.2203    0.7432    0.0139
    0.0000   1    0.2204    0.7433    0.0139
    0.0000   1    0.2204    0.7432    0.0139
    0.0000   1    0.2203    0.7431    0.0139
    0.0000   1    0.2203    0.7428    0.0139
    0.0000   1    0.2202    0.7423    0.0139
    0.0000   1    0.2202    0.7426    0.0139
    0.0000   1    0.2204    0.7430    0.0139
    0.0000   1    0.2204    0.7431    0.0139
    0.0000   1    0.2203    0.7434    0.0139
    0.0000   1    0.2203    0.7431    0.0139
    0.0000   1    0.2203    0.7430    0.0139
    0.0000   1    0.2203    0.7426    0.0139
    0.0000   1    0.2204    0.7435    0.0139
    0.0000   1    0.2202    0.7422    0.0139
    0.0000   1    0.2203    0.7426    0.0139
    0.0000   1    0.2202    0.7426    0.0139
    0.0000   1    0.2201    0.7423    0.0139
    0.0000   1    0.2201    0.7422    0.0139
    0.0000   1    0.2202    0.7426    0.0139
    0.0000   1    0.2202    0.7421    0.0139
    0.0000   1    0.2203    0.7432    0.0139
    0.0000   1    0.2203    0.7435    0.0139
    0.0000   1    0.2204    0.7437    0.0139
    0.0000   1    0.2205    0.7443    0.0138
    0.0000   1    0.2205    0.7443    0.0138
    0.0000   1    0.2205    0.7442    0.0138
    0.0000   1    0.2206    0.7444    0.0138
    0.0000   1    0.2205    0.7440    0.0138
    0.0000   1    0.2205    0.7441    0.0138
    0.0000   1    0.2206    0.7441    0.0139
    0.0000   1    0.2204    0.7435    0.0139
    0.0000   1    0.2205    0.7435    0.0139
    0.0000   1    0.2204    0.7429    0.0139
    0.0000   1    0.2205    0.7440    0.0139
    0.0000   1    0.2206    0.7440    0.0139
    0.0000   1    0.2204    0.7438    0.0139
    0.0000   1    0.2204    0.7432    0.0139
    0.0000   1    0.2204    0.7439    0.0139
    0.0000   1    0.2205    0.7438    0.0139
    0.0000   1    0.2203    0.7427    0.0139
    0.0000   1    0.2202    0.7425    0.0139
    0.0000   1    0.2202    0.7429    0.0139
    0.0000   1    0.2203    0.7428    0.0139
    0.0000   1    0.2203    0.7427    0.0139
    0.0000   1    0.2203    0.7431    0.0139
    0.0000   1    0.2203    0.7429    0.0139
    0.0000   1    0.2204    0.7433    0.0139
    0.0000   1    0.2204    0.7435    0.0139
    0.0000   1    0.2204    0.7433    0.0139
    0.0000   1    0.2203    0.7427    0.0139
    0.0000   1    0.2204    0.7425    0.0139
    0.0000   1    0.2201    0.7422    0.0139
    0.0000   1    0.2203    0.7429    0.0139
    0.0000   1    0.2203    0.7430    0.0139
    0.0000   1    0.2203    0.7426    0.0139
    0.0000   1    0.2203    0.7430    0.0139
    0.0000   1    0.2203    0.7429    0.0139
    0.0000   1    0.2202    0.7428    0.0139
    0.0000   1    0.2203    0.7429    0.0139
    0.0000   1    0.2202    0.7430    0.0139
    0.0000   1    0.2203    0.7431    0.0139
    0.0000   1    0.2204    0.7431    0.0139
    0.0000   1    0.2203    0.7431    0.0139
    0.0000   1    0.2202    0.7430    0.0139
    0.0000   1    0.2203    0.7430    0.0139
    0.0000   1    0.2203    0.7429    0.0139
    0.0000   1    0.2204    0.7436    0.0139
    0.0000   1    0.2204    0.7438    0.0138
    0.0000   1    0.2206    0.7440    0.0139
    0.0000   1    0.2206    0.7444    0.0138
    0.0000   1    0.2206    0.7445    0.0138
    0.0000   1    0.2207    0.7451    0.0138
    0.0000   1    0.2207    0.7448    0.0138
    0.0000   1    0.2206    0.7445    0.0138
    0.0000   1    0.2205    0.7446    0.0138
    0.0000   1    0.2207    0.7450    0.0138
    0.0000   1    0.2208    0.7452    0.0138
    0.0000   1    0.2207    0.7454    0.0138
    0.0000   1    0.2207    0.7452    0.0138
    0.0000   1    0.2207    0.7451    0.0138
    0.0000   1    0.2208    0.7454    0.0138
    0.0000   1    0.2206    0.7445    0.0138
    0.0000   1    0.2206    0.7444    0.0138
    0.0000   1    0.2205    0.7438    0.0139
    0.0000   1    0.2203    0.7434    0.0139
    0.0000   1    0.2203    0.7430    0.0139
    0.0000   1    0.2203    0.7428    0.0139
    0.0000   1    0.2204    0.7434    0.0139
    0.0000   1    0.2204    0.7434    0.0139
    0.0000   1    0.2204    0.7435    0.0139
    0.0000   1    0.2203    0.7432    0.0139
    0.0000   1    0.2203    0.7433    0.0139
    0.0000   1    0.2204    0.7434    0.0139
    0.0000   1    0.2205    0.7439    0.0139
    0.0000   1    0.2204    0.7441    0.0138
    0.0000   1    0.2205    0.7441    0.0138
    0.0000   1    0.2205    0.7441    0.0139
    0.0000   1    0.2205    0.7440    0.0139
    0.0000   1    0.2206    0.7439    0.0139
    0.0000   1    0.2204    0.7433    0.0139
    0.0000   1    0.2204    0.7431    0.0139
    0.0000   1    0.2205    0.7440    0.0139
    0.0000   1    0.2205    0.7444    0.0138
    0.0000   1    0.2205    0.7440    0.0138
    0.0000   1    0.2205    0.7438    0.0139
    0.0000   1    0.2204    0.7437    0.0139
    0.0000   1    0.2204    0.7432    0.0139
    0.0000   1    0.2205    0.7439    0.0139
    0.0000   1    0.2205    0.7437    0.0139
    0.0000   1    0.2204    0.7436    0.0138
    0.0000   1    0.2205    0.7436    0.0139
    0.0000   1    0.2205    0.7439    0.0139
    0.0000   1    0.2205    0.7440    0.0139
    0.0000   1    0.2207    0.7447    0.0138
    0.0000   1    0.2206    0.7445    0.0138
    0.0000   1    0.2205    0.7437    0.0139
    0.0000   1    0.2205    0.7437    0.0139
    0.0000   1    0.2204    0.7432    0.0139
    0.0000   1    0.2204    0.7431    0.0139
    0.0000   1    0.2203    0.7435    0.0139
    0.0000   1    0.2203    0.7429    0.0139
    0.0000   1    0.2203    0.7429    0.0139
    0.0000   1    0.2203    0.7426    0.0139
    0.0000   1    0.2203    0.7436    0.0139
    0.0000   1    0.2204    0.7440    0.0138
    0.0000   1    0.2205    0.7443    0.0138
    0.0000   1    0.2205    0.7441    0.0138
    0.0000   1    0.2204    0.7440    0.0138
    0.0000   1    0.2205    0.7440    0.0138
    0.0000   1    0.2206    0.7442    0.0139
    0.0000   1    0.2205    0.7441    0.0138
    0.0000   1    0.2206    0.7446    0.0138
    0.0000   1    0.2206    0.7445    0.0138
    0.0000   1    0.2205    0.7439    0.0139
    0.0000   1    0.2204    0.7432    0.0139
    0.0000   1    0.2202    0.7428    0.0139
    0.0000   1    0.2203    0.7430    0.0139
    0.0000   1    0.2204    0.7435    0.0139
    0.0000   1    0.2204    0.7432    0.0139
    0.0000   1    0.2203    0.7429    0.0139
    0.0000   1    0.2202    0.7422    0.0139
    0.0000   1    0.2201    0.7416    0.0139
    0.0000   1    0.2201    0.7420    0.0139
    0.0000   1    0.2202    0.7425    0.0139
    0.0000   1    0.2203    0.7425    0.0139
    0.0000   1    0.2203    0.7428    0.0139
    0.0000   1    0.2203    0.7428    0.0139
    0.0000   1    0.2203    0.7428    0.0139
    0.0000   1    0.2203    0.7428    0.0139
    0.0000   1    0.2204    0.7437    0.0139
    0.0000   1    0.2205    0.7436    0.0139
    0.0000   1    0.2203    0.7433    0.0139
    0.0000   1    0.2203    0.7434    0.0139
    0.0000   1    0.2204    0.7429    0.0139
    0.0000   1    0.2202    0.7421    0.0139
    0.0000   1    0.2203    0.7428    0.0139
    0.0000   1    0.2203    0.7426    0.0139
    0.0000   1    0.2201    0.7421    0.0139
    0.0000   1    0.2203    0.7426    0.0139
    0.0000   1    0.2203    0.7426    0.0139
    0.0000   1    0.2203    0.7425    0.0139
    0.0000   1    0.2203    0.7425    0.0139
    0.0000   1    0.2204    0.7432    0.0139
    0.0000   1    0.2203    0.7430    0.0139
    0.0000   1    0.2203    0.7430    0.0139
    0.0000   1    0.2205    0.7435    0.0139
    0.0000   1    0.2203    0.7430    0.0139
    0.0000   1    0.2203    0.7427    0.0139
    0.0000   1    0.2203    0.7429    0.0139
    0.0000   1    0.2204    0.7432    0.0139
    0.0000   1    0.2204    0.7434    0.0139
    0.0000   1    0.2203    0.7429    0.0139
    0.0000   1    0.2203    0.7432    0.0139
    0.0000   1    0.2203    0.7431    0.0139
    0.0000   1    0.2203    0.7431    0.0139
    0.0000   1    0.2204    0.7437    0.0139
    0.0000   1    0.2204    0.7434    0.0139
    0.0000   1    0.2204    0.7436    0.0139
    0.0000   1    0.2203    0.7435    0.0139
    0.0000   1    0.2204    0.7435    0.0139
    0.0000   1    0.2205    0.7442    0.0139
    0.0000   1    0.2204    0.7439    0.0139
    0.0000   1    0.2204    0.7440    0.0138
    0.0000   1    0.2206    0.7444    0.0138
    0.0000   1    0.2206    0.7447    0.0138
    0.0000   1    0.2206    0.7448    0.0138
    0.0000   1    0.2205    0.7441    0.0138
    0.0000   1    0.2206    0.7448    0.0138
    0.0000   1    0.2207    0.7451    0.0138
    0.0000   1    0.2206    0.7447    0.0138
    0.0000   1    0.2206    0.7448    0.0138
    0.0000   1    0.2206    0.7447    0.0138
    0.0000   1    0.2205    0.7448    0.0138
    0.0000   1    0.2206    0.7445    0.0138
    0.0000   1    0.2205    0.7440    0.0138
    0.0000   1    0.2206    0.7447    0.0138
    0.0000   1    0.2206    0.7445    0.0138
    0.0000   1    0.2205    0.7443    0.0138
    0.0000   1    0.2206    0.7444    0.0138
    0.0000   1    0.2204    0.7431    0.0139
    0.0000   1    0.2205    0.7440    0.0138
    0.0000   1    0.2205    0.7440    0.0138
    0.0000   1    0.2203    0.7433    0.0139
    0.0000   1    0.2204    0.7435    0.0138
    0.0000   1    0.2204    0.7433    0.0139
    0.0000   1    0.2203    0.7435    0.0138
    0.0000   1    0.2204    0.7439    0.0138
    0.0000   1    0.2204    0.7442    0.0138
    0.0000   1    0.2205    0.7445    0.0138
    0.0000   1    0.2204    0.7445    0.0138
    0.0000   1    0.2204    0.7440    0.0138
    0.0000   1    0.2203    0.7444    0.0138
    0.0000   1    0.2204    0.7447    0.0138
    0.0000   1    0.2206    0.7455    0.0138
    0.0000   1    0.2204    0.7458    0.0137
    0.0000   1    0.2206    0.7472    0.0137
    0.0000   1    0.2206    0.7482    0.0137
    0.0000   1    0.2206    0.7485    0.0136
    0.0000   1    0.2206    0.7498    0.0136
    0.0000   1    0.2205    0.7508    0.0135
    0.0000   1    0.2204    0.7519    0.0134
